time	I(R20)+I(R21)
0.000000000000000e+00	9.182380e-01
5.000000000000000e-06	9.182380e-01
5.054240000982015e-06	9.182380e-01
5.064612418558914e-06	1.882143e+00
5.069583430947815e-06	1.883563e+00
5.073756859001239e-06	1.901200e+00
5.076431964814442e-06	1.867477e+00
5.077966224588028e-06	1.887642e+00
5.079152678312247e-06	1.883087e+00
5.080436869382031e-06	1.878456e+00
5.081652447974671e-06	1.877777e+00
5.083065950938108e-06	1.877215e+00
5.084546973451695e-06	1.874937e+00
5.086172265722070e-06	1.873297e+00
5.088016323988845e-06	1.870933e+00
5.090066002658089e-06	1.868614e+00
5.092429154501815e-06	1.865378e+00
5.095186036719741e-06	1.861984e+00
5.098684082322141e-06	1.857043e+00
5.099999999999999e-06	1.855451e+00
5.100131591767785e-06	1.855193e+00
5.100394775303357e-06	1.854807e+00
5.100921142374501e-06	1.854106e+00
5.101596290365138e-06	1.853165e+00
5.102946586346411e-06	1.851323e+00
5.105647178308959e-06	1.847582e+00
5.110755849064267e-06	1.840484e+00
5.120973190574884e-06	1.826091e+00
5.135409762927158e-06	1.805613e+00
5.150381999567503e-06	1.784295e+00
5.165341651437294e-06	1.763024e+00
5.185141590030832e-06	1.734892e+00
5.211187885252193e-06	1.698016e+00
5.257118098497020e-06	1.633343e+00
5.315838174993569e-06	1.551642e+00
5.395348291904892e-06	1.443553e+00
5.449394456097749e-06	1.372775e+00
5.516561400423146e-06	1.294067e+00
5.541402850269789e-06	1.269582e+00
5.566203396562823e-06	1.248129e+00
5.592166528434492e-06	1.227936e+00
5.619707168946107e-06	1.208400e+00
5.659850921102440e-06	1.182714e+00
5.725082494174977e-06	1.146544e+00
5.814418232717738e-06	1.105675e+00
5.914418232717738e-06	1.068708e+00
5.995561902177584e-06	1.043830e+00
6.075031759514032e-06	1.022800e+00
6.152762323643075e-06	1.004806e+00
6.202478022629022e-06	9.943981e-01
6.247541582864053e-06	9.856214e-01
6.290117823547671e-06	9.778139e-01
6.330451534339856e-06	9.708398e-01
6.371180291430762e-06	9.641450e-01
6.417908784091129e-06	9.568920e-01
6.487702692183963e-06	9.467622e-01
6.551807171586233e-06	9.381568e-01
6.602879930771675e-06	9.316971e-01
6.655441915661802e-06	9.254068e-01
6.707918107986793e-06	9.194196e-01
6.760068690297472e-06	9.137662e-01
6.805655849263160e-06	9.090145e-01
6.856600825135051e-06	9.039322e-01
6.903312285677415e-06	8.994321e-01
6.973879742675323e-06	8.929472e-01
7.033267485512799e-06	8.877187e-01
7.086613509026576e-06	8.832126e-01
7.139976674471969e-06	8.788345e-01
7.205544584566645e-06	8.736604e-01
7.305544584566644e-06	8.660908e-01
7.405544584566644e-06	8.589066e-01
7.492048902139523e-06	8.529284e-01
7.570124895710542e-06	8.477274e-01
7.655478705364503e-06	8.421890e-01
7.742235005025234e-06	8.367379e-01
7.842235005025235e-06	8.306070e-01
7.942235005025235e-06	8.246578e-01
8.042235005025236e-06	8.188294e-01
8.142235005025237e-06	8.131432e-01
8.242235005025238e-06	8.075439e-01
8.342235005025238e-06	8.020577e-01
8.442235005025239e-06	7.966340e-01
8.542235005025240e-06	7.913025e-01
8.642235005025241e-06	7.860154e-01
8.742235005025241e-06	7.808054e-01
8.842235005025242e-06	7.756265e-01
8.942235005025243e-06	7.705137e-01
9.042235005025244e-06	7.654223e-01
9.142235005025244e-06	7.603888e-01
9.242235005025245e-06	7.553698e-01
9.342235005025246e-06	7.504027e-01
9.442235005025246e-06	7.454449e-01
9.542235005025247e-06	7.405346e-01
9.642235005025248e-06	7.356299e-01
9.742235005025249e-06	7.307695e-01
9.842235005025249e-06	7.259119e-01
9.942235005025250e-06	7.210964e-01
1.004223500502525e-05	7.162816e-01
1.014223500502525e-05	7.115072e-01
1.024223500502525e-05	7.067321e-01
1.034223500502525e-05	7.019961e-01
1.044223500502525e-05	6.972583e-01
1.054223500502525e-05	6.925588e-01
1.064223500502526e-05	6.878567e-01
1.074223500502526e-05	6.831922e-01
1.084223500502526e-05	6.785246e-01
1.094223500502526e-05	6.738942e-01
1.104223500502526e-05	6.692603e-01
1.114223500502526e-05	6.646633e-01
1.124223500502526e-05	6.600624e-01
1.134223500502526e-05	6.554983e-01
1.144223500502526e-05	6.509302e-01
1.154223500502526e-05	6.463987e-01
1.164223500502526e-05	6.418632e-01
1.174223500502526e-05	6.373642e-01
1.184223500502526e-05	6.328613e-01
1.194223500502526e-05	6.283949e-01
1.204223500502527e-05	6.239247e-01
1.214223500502527e-05	6.194912e-01
1.224223500502527e-05	6.150542e-01
1.234223500502527e-05	6.106541e-01
1.244223500502527e-05	6.062508e-01
1.254223500502527e-05	6.018848e-01
1.264223500502527e-05	5.975161e-01
1.274223500502527e-05	5.931853e-01
1.284223500502527e-05	5.888524e-01
1.294223500502527e-05	5.845582e-01
1.304223500502527e-05	5.802629e-01
1.314223500502527e-05	5.760074e-01
1.324223500502527e-05	5.717523e-01
1.334223500502528e-05	5.675385e-01
1.344223500502528e-05	5.633270e-01
1.354223500502528e-05	5.591591e-01
1.364223500502528e-05	5.549963e-01
1.374223500502528e-05	5.508803e-01
1.384223500502528e-05	5.467732e-01
1.394223500502528e-05	5.427175e-01
1.404223500502528e-05	5.386759e-01
1.414223500502528e-05	5.346918e-01
1.424223500502528e-05	5.307291e-01
1.434223500502528e-05	5.268322e-01
1.444223500502528e-05	5.229664e-01
1.454223500502528e-05	5.191773e-01
1.464223500502528e-05	5.154318e-01
1.474223500502529e-05	5.117771e-01
1.484223500502529e-05	5.081818e-01
1.494223500502529e-05	5.046945e-01
1.504223500502529e-05	5.012855e-01
1.514223500502529e-05	4.980048e-01
1.524223500502529e-05	4.948238e-01
1.534223500502529e-05	4.917930e-01
1.544223500502529e-05	4.888841e-01
1.554223500502529e-05	4.861472e-01
1.564223500502529e-05	4.835531e-01
1.574223500502529e-05	4.811501e-01
1.584223500502529e-05	4.789066e-01
1.594223500502528e-05	4.768680e-01
1.604223500502528e-05	4.749995e-01
1.614223500502528e-05	4.733426e-01
1.624223500502528e-05	4.718586e-01
1.634223500502528e-05	4.705852e-01
1.644223500502528e-05	4.694801e-01
1.654223500502528e-05	4.685777e-01
1.664223500502528e-05	4.678328e-01
1.674223500502528e-05	4.672772e-01
1.684223500502528e-05	4.668639e-01
1.694223500502527e-05	4.666231e-01
1.704223500502527e-05	4.665071e-01
1.714223500502527e-05	4.665454e-01
1.724223500502527e-05	4.666901e-01
1.734223500502527e-05	4.669708e-01
1.744223500502527e-05	4.673400e-01
1.754223500502527e-05	4.678277e-01
1.764223500502527e-05	4.683872e-01
1.774223500502527e-05	4.690491e-01
1.784223500502527e-05	4.697676e-01
1.794223500502527e-05	4.705742e-01
1.804223500502526e-05	4.714238e-01
1.814223500502526e-05	4.723485e-01
1.824223500502526e-05	4.733044e-01
1.834223500502526e-05	4.743240e-01
1.844223500502526e-05	4.753641e-01
1.854223500502526e-05	4.764578e-01
1.864223500502526e-05	4.775626e-01
1.874223500502526e-05	4.787120e-01
1.884223500502526e-05	4.798640e-01
1.894223500502526e-05	4.810523e-01
1.904223500502525e-05	4.822355e-01
1.914223500502525e-05	4.834474e-01
1.924223500502525e-05	4.846471e-01
1.934223500502525e-05	4.858685e-01
1.944223500502525e-05	4.870708e-01
1.954223500502525e-05	4.882882e-01
1.964223500502525e-05	4.894800e-01
1.974223500502525e-05	4.906805e-01
1.984223500502525e-05	4.918493e-01
1.994223500502525e-05	4.930206e-01
2.004223500502524e-05	4.941542e-01
2.014223500502524e-05	4.952844e-01
2.024223500502524e-05	4.963712e-01
2.034223500502524e-05	4.974488e-01
2.044223500502524e-05	4.984775e-01
2.054223500502524e-05	4.994916e-01
2.064223500502524e-05	5.004518e-01
2.074223500502524e-05	5.013924e-01
2.084223500502524e-05	5.022742e-01
2.094223500502524e-05	5.031320e-01
2.104223500502524e-05	5.039269e-01
2.114223500502523e-05	5.046937e-01
2.124223500502523e-05	5.053942e-01
2.134223500502523e-05	5.060634e-01
2.144223500502523e-05	5.066636e-01
2.154223500502523e-05	5.072301e-01
2.164223500502523e-05	5.077256e-01
2.174223500502523e-05	5.081860e-01
2.184223500502523e-05	5.085745e-01
2.194223500502523e-05	5.089274e-01
2.204223500502523e-05	5.092084e-01
2.214223500502522e-05	5.094542e-01
2.224223500502522e-05	5.096292e-01
2.234223500502522e-05	5.097705e-01
2.244223500502522e-05	5.098429e-01
2.254223500502522e-05	5.098839e-01
2.264223500502522e-05	5.098589e-01
2.274223500502522e-05	5.098058e-01
2.284223500502522e-05	5.096903e-01
2.294223500502522e-05	5.095506e-01
2.304223500502522e-05	5.093528e-01
2.314223500502522e-05	5.091354e-01
2.324223500502521e-05	5.088648e-01
2.334223500502521e-05	5.085794e-01
2.344223500502521e-05	5.082463e-01
2.354223500502521e-05	5.079037e-01
2.364223500502521e-05	5.075188e-01
2.374223500502521e-05	5.071299e-01
2.384223500502521e-05	5.067043e-01
2.394223500502521e-05	5.062804e-01
2.404223500502521e-05	5.058253e-01
2.414223500502521e-05	5.053773e-01
2.424223500502520e-05	5.049036e-01
2.434223500502520e-05	5.044422e-01
2.444223500502520e-05	5.039604e-01
2.454223500502520e-05	5.034958e-01
2.464223500502520e-05	5.030155e-01
2.474223500502520e-05	5.025571e-01
2.484223500502520e-05	5.020875e-01
2.494223500502520e-05	5.016439e-01
2.504223500502520e-05	5.011929e-01
2.514223500502520e-05	5.007714e-01
2.524223500502520e-05	5.003461e-01
2.534223500502519e-05	4.999533e-01
2.544223500502519e-05	4.995595e-01
2.554223500502519e-05	4.992007e-01
2.564223500502519e-05	4.988432e-01
2.574223500502519e-05	4.985227e-01
2.584223500502519e-05	4.982051e-01
2.594223500502519e-05	4.979258e-01
2.604223500502519e-05	4.976506e-01
2.614223500502519e-05	4.974145e-01
2.624223500502519e-05	4.971833e-01
2.634223500502518e-05	4.969914e-01
2.644223500502518e-05	4.968045e-01
2.654223500502518e-05	4.966570e-01
2.664223500502518e-05	4.965141e-01
2.674223500502518e-05	4.964099e-01
2.684223500502518e-05	4.963098e-01
2.694223500502518e-05	4.962475e-01
2.704223500502518e-05	4.961883e-01
2.714223500502518e-05	4.961657e-01
2.724223500502518e-05	4.961449e-01
2.734223500502518e-05	4.961593e-01
2.744223500502517e-05	4.961739e-01
2.754223500502517e-05	4.962222e-01
2.764223500502517e-05	4.962690e-01
2.774223500502517e-05	4.963475e-01
2.784223500502517e-05	4.964229e-01
2.794223500502517e-05	4.965281e-01
2.804223500502517e-05	4.966282e-01
2.814223500502517e-05	4.967562e-01
2.824223500502517e-05	4.968773e-01
2.834223500502517e-05	4.970241e-01
2.844223500502516e-05	4.971621e-01
2.854223500502516e-05	4.973239e-01
2.864223500502516e-05	4.974750e-01
2.874223500502516e-05	4.976480e-01
2.884223500502516e-05	4.978083e-01
2.894223500502516e-05	4.979887e-01
2.904223500502516e-05	4.981547e-01
2.914223500502516e-05	4.983389e-01
2.924223500502516e-05	4.985071e-01
2.934223500502516e-05	4.986918e-01
2.944223500502515e-05	4.988589e-01
2.954223500502515e-05	4.990410e-01
2.964223500502515e-05	4.992041e-01
2.974223500502515e-05	4.993808e-01
2.984223500502515e-05	4.995372e-01
2.994223500502515e-05	4.997059e-01
3.004223500502515e-05	4.998533e-01
3.014223500502515e-05	5.000119e-01
3.024223500502515e-05	5.001481e-01
3.034223500502515e-05	5.002947e-01
3.044223500502515e-05	5.004181e-01
3.054223500502514e-05	5.005512e-01
3.064223500502515e-05	5.006605e-01
3.074223500502515e-05	5.007788e-01
3.084223500502515e-05	5.008729e-01
3.094223500502515e-05	5.009756e-01
3.104223500502516e-05	5.010539e-01
3.114223500502516e-05	5.011405e-01
3.124223500502516e-05	5.012027e-01
3.134223500502516e-05	5.012730e-01
3.144223500502517e-05	5.013189e-01
3.154223500502517e-05	5.013731e-01
3.164223500502517e-05	5.014030e-01
3.174223500502517e-05	5.014413e-01
3.184223500502518e-05	5.014558e-01
3.194223500502518e-05	5.014790e-01
3.204223500502518e-05	5.014788e-01
3.214223500502518e-05	5.014878e-01
3.224223500502519e-05	5.014738e-01
3.234223500502519e-05	5.014696e-01
3.244223500502519e-05	5.014431e-01
3.254223500502519e-05	5.014269e-01
3.264223500502520e-05	5.013890e-01
3.274223500502520e-05	5.013622e-01
3.284223500502520e-05	5.013145e-01
3.294223500502520e-05	5.012785e-01
3.304223500502521e-05	5.012224e-01
3.314223500502521e-05	5.011787e-01
3.324223500502521e-05	5.011157e-01
3.334223500502521e-05	5.010659e-01
3.344223500502521e-05	5.009976e-01
3.354223500502522e-05	5.009432e-01
3.364223500502522e-05	5.008710e-01
3.374223500502522e-05	5.008134e-01
3.384223500502522e-05	5.007389e-01
3.394223500502523e-05	5.006797e-01
3.404223500502523e-05	5.006042e-01
3.414223500502523e-05	5.005446e-01
3.424223500502523e-05	5.004695e-01
3.434223500502524e-05	5.004108e-01
3.444223500502524e-05	5.003373e-01
3.454223500502524e-05	5.002807e-01
3.464223500502524e-05	5.002097e-01
3.474223500502525e-05	5.001562e-01
3.484223500502525e-05	5.000889e-01
3.494223500502525e-05	5.000393e-01
3.504223500502525e-05	4.999763e-01
3.514223500502526e-05	4.999315e-01
3.524223500502526e-05	4.998735e-01
3.534223500502526e-05	4.998340e-01
3.544223500502526e-05	4.997816e-01
3.554223500502527e-05	4.997478e-01
3.564223500502527e-05	4.997013e-01
3.574223500502527e-05	4.996735e-01
3.584223500502527e-05	4.996332e-01
3.594223500502528e-05	4.996116e-01
3.604223500502528e-05	4.995776e-01
3.614223500502528e-05	4.995623e-01
3.624223500502528e-05	4.995345e-01
3.634223500502529e-05	4.995254e-01
3.644223500502529e-05	4.995037e-01
3.654223500502529e-05	4.995006e-01
3.664223500502529e-05	4.994848e-01
3.674223500502530e-05	4.994874e-01
3.684223500502530e-05	4.994773e-01
3.694223500502530e-05	4.994852e-01
3.704223500502530e-05	4.994803e-01
3.714223500502530e-05	4.994931e-01
3.724223500502531e-05	4.994929e-01
3.734223500502531e-05	4.995103e-01
3.744223500502531e-05	4.995143e-01
3.754223500502531e-05	4.995356e-01
3.764223500502532e-05	4.995433e-01
3.774223500502532e-05	4.995680e-01
3.784223500502532e-05	4.995789e-01
3.794223500502532e-05	4.996064e-01
3.804223500502533e-05	4.996198e-01
3.814223500502533e-05	4.996495e-01
3.824223500502533e-05	4.996649e-01
3.834223500502533e-05	4.996963e-01
3.844223500502534e-05	4.997131e-01
3.854223500502534e-05	4.997456e-01
3.864223500502534e-05	4.997633e-01
3.874223500502534e-05	4.997964e-01
3.884223500502535e-05	4.998145e-01
3.894223500502535e-05	4.998476e-01
3.904223500502535e-05	4.998655e-01
3.914223500502535e-05	4.998983e-01
3.924223500502536e-05	4.999157e-01
3.934223500502536e-05	4.999476e-01
3.944223500502536e-05	4.999640e-01
3.954223500502536e-05	4.999947e-01
3.964223500502537e-05	5.000098e-01
3.974223500502537e-05	5.000390e-01
3.984223500502537e-05	5.000524e-01
3.994223500502537e-05	5.000798e-01
4.004223500502538e-05	5.000914e-01
4.014223500502538e-05	5.001168e-01
4.024223500502538e-05	5.001262e-01
4.034223500502538e-05	5.001495e-01
4.044223500502539e-05	5.001567e-01
4.054223500502539e-05	5.001777e-01
4.064223500502539e-05	5.001826e-01
4.074223500502539e-05	5.002012e-01
4.084223500502539e-05	5.002037e-01
4.094223500502540e-05	5.002199e-01
4.104223500502540e-05	5.002201e-01
4.114223500502540e-05	5.002340e-01
4.124223500502540e-05	5.002319e-01
4.134223500502541e-05	5.002434e-01
4.144223500502541e-05	5.002391e-01
4.154223500502541e-05	5.002484e-01
4.164223500502541e-05	5.002421e-01
4.174223500502542e-05	5.002493e-01
4.184223500502542e-05	5.002410e-01
4.194223500502542e-05	5.002463e-01
4.204223500502542e-05	5.002362e-01
4.214223500502543e-05	5.002398e-01
4.224223500502543e-05	5.002281e-01
4.234223500502543e-05	5.002302e-01
4.244223500502543e-05	5.002171e-01
4.254223500502544e-05	5.002179e-01
4.264223500502544e-05	5.002036e-01
4.274223500502544e-05	5.002033e-01
4.284223500502544e-05	5.001881e-01
4.294223500502545e-05	5.001869e-01
4.304223500502545e-05	5.001709e-01
4.314223500502545e-05	5.001690e-01
4.324223500502545e-05	5.001525e-01
4.334223500502546e-05	5.001502e-01
4.344223500502546e-05	5.001334e-01
4.354223500502546e-05	5.001309e-01
4.364223500502546e-05	5.001140e-01
4.374223500502547e-05	5.001114e-01
4.384223500502547e-05	5.000945e-01
4.394223500502547e-05	5.000921e-01
4.404223500502547e-05	5.000755e-01
4.414223500502547e-05	5.000733e-01
4.424223500502548e-05	5.000571e-01
4.434223500502548e-05	5.000554e-01
4.444223500502548e-05	5.000397e-01
4.454223500502548e-05	5.000386e-01
4.464223500502549e-05	5.000235e-01
4.474223500502549e-05	5.000231e-01
4.484223500502549e-05	5.000088e-01
4.494223500502549e-05	5.000090e-01
4.504223500502550e-05	4.999956e-01
4.514223500502550e-05	4.999966e-01
4.524223500502550e-05	4.999840e-01
4.534223500502550e-05	4.999860e-01
4.544223500502551e-05	4.999742e-01
4.554223500502551e-05	4.999771e-01
4.564223500502551e-05	4.999663e-01
4.574223500502551e-05	4.999700e-01
4.584223500502552e-05	4.999601e-01
4.594223500502552e-05	4.999647e-01
4.604223500502552e-05	4.999557e-01
4.614223500502552e-05	4.999611e-01
4.624223500502553e-05	4.999530e-01
4.634223500502553e-05	4.999593e-01
4.644223500502553e-05	4.999520e-01
4.654223500502553e-05	4.999590e-01
4.664223500502554e-05	4.999524e-01
4.674223500502554e-05	4.999602e-01
4.684223500502554e-05	4.999543e-01
4.694223500502554e-05	4.999626e-01
4.704223500502555e-05	4.999574e-01
4.714223500502555e-05	4.999663e-01
4.724223500502555e-05	4.999616e-01
4.734223500502555e-05	4.999710e-01
4.744223500502556e-05	4.999668e-01
4.754223500502556e-05	4.999766e-01
4.764223500502556e-05	4.999728e-01
4.774223500502556e-05	4.999829e-01
4.784223500502556e-05	4.999793e-01
4.794223500502557e-05	4.999896e-01
4.804223500502557e-05	4.999863e-01
4.814223500502557e-05	4.999968e-01
4.824223500502557e-05	4.999936e-01
4.834223500502558e-05	5.000041e-01
4.844223500502558e-05	5.000010e-01
4.854223500502558e-05	5.000115e-01
4.864223500502558e-05	5.000084e-01
4.874223500502559e-05	5.000188e-01
4.884223500502559e-05	5.000156e-01
4.894223500502559e-05	5.000260e-01
4.904223500502559e-05	5.000226e-01
4.914223500502560e-05	5.000328e-01
4.924223500502560e-05	5.000292e-01
4.934223500502560e-05	5.000391e-01
4.944223500502560e-05	5.000354e-01
4.954223500502561e-05	5.000450e-01
4.964223500502561e-05	5.000410e-01
4.974223500502561e-05	5.000503e-01
4.984223500502561e-05	5.000460e-01
4.994223500502562e-05	5.000550e-01
5.004223500502562e-05	5.000504e-01
5.014223500502562e-05	5.000590e-01
5.024223500502562e-05	5.000541e-01
5.034223500502563e-05	5.000624e-01
5.044223500502563e-05	5.000571e-01
5.054223500502563e-05	5.000651e-01
5.064223500502563e-05	5.000595e-01
5.074223500502564e-05	5.000671e-01
5.084223500502564e-05	5.000611e-01
5.094223500502564e-05	5.000684e-01
5.104223500502564e-05	5.000622e-01
5.114223500502565e-05	5.000691e-01
5.124223500502565e-05	5.000626e-01
5.134223500502565e-05	5.000692e-01
5.144223500502565e-05	5.000624e-01
5.154223500502565e-05	5.000687e-01
5.164223500502566e-05	5.000617e-01
5.174223500502566e-05	5.000677e-01
5.184223500502566e-05	5.000605e-01
5.194223500502566e-05	5.000663e-01
5.204223500502567e-05	5.000589e-01
5.214223500502567e-05	5.000645e-01
5.224223500502567e-05	5.000569e-01
5.234223500502567e-05	5.000624e-01
5.244223500502568e-05	5.000547e-01
5.254223500502568e-05	5.000600e-01
5.264223500502568e-05	5.000522e-01
5.274223500502568e-05	5.000574e-01
5.284223500502569e-05	5.000495e-01
5.294223500502569e-05	5.000547e-01
5.304223500502569e-05	5.000468e-01
5.314223500502569e-05	5.000519e-01
5.324223500502570e-05	5.000440e-01
5.334223500502570e-05	5.000490e-01
5.344223500502570e-05	5.000412e-01
5.354223500502570e-05	5.000463e-01
5.364223500502571e-05	5.000384e-01
5.374223500502571e-05	5.000435e-01
5.384223500502571e-05	5.000358e-01
5.394223500502571e-05	5.000409e-01
5.404223500502572e-05	5.000332e-01
5.414223500502572e-05	5.000385e-01
5.424223500502572e-05	5.000309e-01
5.434223500502572e-05	5.000363e-01
5.444223500502573e-05	5.000288e-01
5.454223500502573e-05	5.000342e-01
5.464223500502573e-05	5.000269e-01
5.474223500502573e-05	5.000325e-01
5.484223500502574e-05	5.000253e-01
5.494223500502574e-05	5.000309e-01
5.504223500502574e-05	5.000239e-01
5.514223500502574e-05	5.000297e-01
5.524223500502574e-05	5.000227e-01
5.534223500502575e-05	5.000286e-01
5.544223500502575e-05	5.000218e-01
5.554223500502575e-05	5.000279e-01
5.564223500502575e-05	5.000212e-01
5.574223500502576e-05	5.000274e-01
5.584223500502576e-05	5.000209e-01
5.594223500502576e-05	5.000271e-01
5.604223500502576e-05	5.000207e-01
5.614223500502577e-05	5.000270e-01
5.624223500502577e-05	5.000208e-01
5.634223500502577e-05	5.000272e-01
5.644223500502577e-05	5.000211e-01
5.654223500502578e-05	5.000276e-01
5.664223500502578e-05	5.000215e-01
5.674223500502578e-05	5.000281e-01
5.684223500502578e-05	5.000222e-01
5.694223500502579e-05	5.000288e-01
5.704223500502579e-05	5.000229e-01
5.714223500502579e-05	5.000296e-01
5.724223500502579e-05	5.000238e-01
5.734223500502580e-05	5.000305e-01
5.744223500502580e-05	5.000248e-01
5.754223500502580e-05	5.000315e-01
5.764223500502580e-05	5.000258e-01
5.774223500502581e-05	5.000325e-01
5.784223500502581e-05	5.000268e-01
5.794223500502581e-05	5.000336e-01
5.804223500502581e-05	5.000279e-01
5.814223500502582e-05	5.000346e-01
5.824223500502582e-05	5.000290e-01
5.834223500502582e-05	5.000357e-01
5.844223500502582e-05	5.000300e-01
5.854223500502583e-05	5.000367e-01
5.864223500502583e-05	5.000310e-01
5.874223500502583e-05	5.000377e-01
5.884223500502583e-05	5.000320e-01
5.894223500502583e-05	5.000386e-01
5.904223500502584e-05	5.000329e-01
5.914223500502584e-05	5.000394e-01
5.924223500502584e-05	5.000337e-01
5.934223500502584e-05	5.000402e-01
5.944223500502585e-05	5.000344e-01
5.954223500502585e-05	5.000409e-01
5.964223500502585e-05	5.000350e-01
5.974223500502585e-05	5.000414e-01
5.984223500502586e-05	5.000356e-01
5.994223500502586e-05	5.000419e-01
6.004223500502586e-05	5.000360e-01
6.014223500502586e-05	5.000423e-01
6.024223500502587e-05	5.000364e-01
6.034223500502587e-05	5.000425e-01
6.044223500502587e-05	5.000366e-01
6.054223500502587e-05	5.000427e-01
6.064223500502588e-05	5.000368e-01
6.074223500502588e-05	5.000428e-01
6.084223500502588e-05	5.000368e-01
6.094223500502588e-05	5.000428e-01
6.104223500502589e-05	5.000368e-01
6.114223500502589e-05	5.000428e-01
6.124223500502589e-05	5.000367e-01
6.134223500502589e-05	5.000426e-01
6.144223500502590e-05	5.000365e-01
6.154223500502590e-05	5.000424e-01
6.164223500502590e-05	5.000363e-01
6.174223500502590e-05	5.000421e-01
6.184223500502591e-05	5.000360e-01
6.194223500502591e-05	5.000418e-01
6.204223500502591e-05	5.000357e-01
6.214223500502591e-05	5.000414e-01
6.224223500502591e-05	5.000353e-01
6.234223500502592e-05	5.000411e-01
6.244223500502592e-05	5.000350e-01
6.254223500502592e-05	5.000407e-01
6.264223500502592e-05	5.000346e-01
6.274223500502593e-05	5.000402e-01
6.284223500502593e-05	5.000342e-01
6.294223500502593e-05	5.000399e-01
6.304223500502593e-05	5.000338e-01
6.314223500502594e-05	5.000394e-01
6.324223500502594e-05	5.000334e-01
6.334223500502594e-05	5.000390e-01
6.344223500502594e-05	5.000330e-01
6.354223500502595e-05	5.000387e-01
6.364223500502595e-05	5.000326e-01
6.374223500502595e-05	5.000383e-01
6.384223500502595e-05	5.000323e-01
6.394223500502596e-05	5.000380e-01
6.404223500502596e-05	5.000320e-01
6.414223500502596e-05	5.000377e-01
6.424223500502596e-05	5.000318e-01
6.434223500502597e-05	5.000374e-01
6.444223500502597e-05	5.000315e-01
6.454223500502597e-05	5.000372e-01
6.464223500502597e-05	5.000313e-01
6.474223500502598e-05	5.000370e-01
6.484223500502598e-05	5.000311e-01
6.494223500502598e-05	5.000369e-01
6.504223500502598e-05	5.000310e-01
6.510000000000000e-05	5.000368e-01
6.510577649949740e-05	5.000339e-01
6.511732949849220e-05	5.000339e-01
6.514043549648182e-05	5.000339e-01
6.515683913649186e-05	5.000339e-01
6.516444309337216e-05	2.622755e-01
6.516778405690863e-05	2.756852e-01
6.517050135634049e-05	2.698923e-01
6.517273796618597e-05	2.715575e-01
6.517514172051718e-05	2.717225e-01
6.517851728655412e-05	2.720224e-01
6.518246686024407e-05	2.724086e-01
6.518744990328125e-05	2.729167e-01
6.519402098190314e-05	2.735278e-01
6.520000000000000e-05	2.741434e-01
6.520059790180969e-05	2.741834e-01
6.520179370542906e-05	2.742990e-01
6.520418531266781e-05	2.745333e-01
6.520725483368547e-05	2.748300e-01
6.521339387572082e-05	2.754271e-01
6.522567195979149e-05	2.766151e-01
6.525022812793286e-05	2.789875e-01
6.529232026842156e-05	2.830269e-01
6.537650454939896e-05	2.910232e-01
6.545237169573243e-05	2.981320e-01
6.552861340935680e-05	3.051914e-01
6.560260719659665e-05	3.119591e-01
6.568102124516491e-05	3.190477e-01
6.575184871694972e-05	3.253720e-01
6.582575109316878e-05	3.318962e-01
6.586897801073292e-05	3.356734e-01
6.591465854178242e-05	3.396378e-01
6.596192511108935e-05	3.437046e-01
6.602194931650347e-05	3.488242e-01
6.609147602891530e-05	3.546838e-01
6.614822302190412e-05	3.594147e-01
6.620522543869256e-05	3.641151e-01
6.625988216240926e-05	3.685781e-01
6.633214587560485e-05	3.744061e-01
6.641352434312960e-05	3.808766e-01
6.650761782266684e-05	3.882298e-01
6.660761782266684e-05	3.959004e-01
6.670761782266684e-05	4.034183e-01
6.680761782266685e-05	4.107903e-01
6.690761782266685e-05	4.180134e-01
6.700761782266685e-05	4.250950e-01
6.710761782266685e-05	4.320328e-01
6.720761782266686e-05	4.388348e-01
6.730761782266686e-05	4.454992e-01
6.740761782266686e-05	4.520345e-01
6.750761782266686e-05	4.584394e-01
6.760761782266686e-05	4.647227e-01
6.770761782266687e-05	4.708832e-01
6.780761782266687e-05	4.769301e-01
6.790761782266687e-05	4.828623e-01
6.800761782266687e-05	4.886891e-01
6.810761782266688e-05	4.944095e-01
6.820761782266688e-05	5.000328e-01
6.830761782266688e-05	5.055579e-01
6.840761782266688e-05	5.109940e-01
6.850761782266689e-05	5.163401e-01
6.860761782266689e-05	5.216051e-01
6.870761782266689e-05	5.267879e-01
6.880761782266689e-05	5.318973e-01
6.890761782266690e-05	5.369320e-01
6.900761782266690e-05	5.419006e-01
6.910761782266690e-05	5.468014e-01
6.920761782266690e-05	5.516431e-01
6.930761782266691e-05	5.564237e-01
6.940761782266691e-05	5.611514e-01
6.950761782266691e-05	5.658244e-01
6.960761782266691e-05	5.704503e-01
6.970761782266692e-05	5.750272e-01
6.980761782266692e-05	5.795625e-01
6.990761782266692e-05	5.840540e-01
7.000761782266692e-05	5.885091e-01
7.010761782266693e-05	5.929251e-01
7.020761782266693e-05	5.973093e-01
7.030761782266693e-05	6.016588e-01
7.040761782266693e-05	6.059807e-01
7.050761782266694e-05	6.102720e-01
7.060761782266694e-05	6.145393e-01
7.070761782266694e-05	6.187797e-01
7.080761782266694e-05	6.229996e-01
7.090761782266695e-05	6.271958e-01
7.100761782266695e-05	6.313746e-01
7.110761782266695e-05	6.355327e-01
7.120761782266695e-05	6.396763e-01
7.130761782266695e-05	6.438017e-01
7.140761782266696e-05	6.479151e-01
7.150761782266696e-05	6.520128e-01
7.160761782266696e-05	6.561008e-01
7.170761782266696e-05	6.601752e-01
7.180761782266697e-05	6.642418e-01
7.190761782266697e-05	6.682968e-01
7.200761782266697e-05	6.723459e-01
7.210761782266697e-05	6.763851e-01
7.220761782266698e-05	6.804200e-01
7.230761782266698e-05	6.844464e-01
7.240761782266698e-05	6.884701e-01
7.250761782266698e-05	6.924866e-01
7.260761782266699e-05	6.965017e-01
7.270761782266699e-05	7.005109e-01
7.280761782266699e-05	7.045197e-01
7.290761782266699e-05	7.085239e-01
7.300761782266700e-05	7.125285e-01
7.310761782266700e-05	7.165294e-01
7.320761782266700e-05	7.205317e-01
7.330761782266700e-05	7.245310e-01
7.340761782266701e-05	7.285325e-01
7.350761782266701e-05	7.325318e-01
7.360761782266701e-05	7.365339e-01
7.370761782266701e-05	7.405344e-01
7.380761782266702e-05	7.445381e-01
7.390761782266702e-05	7.485407e-01
7.400761782266702e-05	7.525471e-01
7.410761782266702e-05	7.565526e-01
7.420761782266703e-05	7.605621e-01
7.430761782266703e-05	7.645712e-01
7.440761782266703e-05	7.685844e-01
7.450761782266703e-05	7.725975e-01
7.460761782266704e-05	7.766148e-01
7.470761782266704e-05	7.806319e-01
7.480761782266704e-05	7.846535e-01
7.490761782266704e-05	7.886749e-01
7.500761782266704e-05	7.927007e-01
7.510761782266705e-05	7.967263e-01
7.520761782266705e-05	8.007561e-01
7.530761782266705e-05	8.047854e-01
7.540761782266705e-05	8.088188e-01
7.550761782266706e-05	8.128515e-01
7.560761782266706e-05	8.168878e-01
7.570761782266706e-05	8.209229e-01
7.580761782266706e-05	8.249613e-01
7.590761782266707e-05	8.289979e-01
7.600761782266707e-05	8.330371e-01
7.610761782266707e-05	8.370738e-01
7.620761782266707e-05	8.411123e-01
7.630761782266708e-05	8.451475e-01
7.640761782266708e-05	8.491834e-01
7.650761782266708e-05	8.532149e-01
7.660761782266708e-05	8.572459e-01
7.670761782266709e-05	8.612713e-01
7.680761782266709e-05	8.652946e-01
7.690761782266709e-05	8.693106e-01
7.700761782266709e-05	8.733229e-01
7.710761782266710e-05	8.773258e-01
7.720761782266710e-05	8.813229e-01
7.730761782266710e-05	8.853085e-01
7.740761782266710e-05	8.892856e-01
7.750761782266711e-05	8.932485e-01
7.760761782266711e-05	8.972001e-01
7.770761782266711e-05	9.011342e-01
7.780761782266711e-05	9.050536e-01
7.790761782266712e-05	9.089519e-01
7.800761782266712e-05	9.128314e-01
7.810761782266712e-05	9.166857e-01
7.820761782266712e-05	9.205165e-01
7.830761782266713e-05	9.243172e-01
7.840761782266713e-05	9.280893e-01
7.850761782266713e-05	9.318255e-01
7.860761782266713e-05	9.355272e-01
7.870761782266713e-05	9.391868e-01
7.880761782266714e-05	9.428053e-01
7.890761782266714e-05	9.463745e-01
7.900761782266714e-05	9.498951e-01
7.910761782266714e-05	9.533587e-01
7.920761782266715e-05	9.567655e-01
7.930761782266715e-05	9.601067e-01
7.940761782266715e-05	9.633823e-01
7.950761782266715e-05	9.665832e-01
7.960761782266716e-05	9.697088e-01
7.970761782266716e-05	9.727499e-01
7.980761782266716e-05	9.757059e-01
7.990761782266716e-05	9.785671e-01
8.000761782266717e-05	9.813329e-01
8.010761782266717e-05	9.839936e-01
8.020761782266717e-05	9.865483e-01
8.030761782266717e-05	9.889876e-01
8.040761782266718e-05	9.913106e-01
8.050761782266718e-05	9.935081e-01
8.060761782266718e-05	9.955794e-01
8.070761782266718e-05	9.975156e-01
8.080761782266719e-05	9.993165e-01
8.090761782266719e-05	1.000974e+00
8.100761782266719e-05	1.002487e+00
8.110761782266719e-05	1.003849e+00
8.120761782266720e-05	1.005061e+00
8.130761782266720e-05	1.006115e+00
8.140761782266720e-05	1.007014e+00
8.150761782266720e-05	1.007750e+00
8.160761782266721e-05	1.008326e+00
8.170761782266721e-05	1.008738e+00
8.180761782266721e-05	1.008988e+00
8.190761782266721e-05	1.009071e+00
8.200761782266721e-05	1.008993e+00
8.210761782266722e-05	1.008750e+00
8.220761782266722e-05	1.008346e+00
8.230761782266722e-05	1.007779e+00
8.240761782266722e-05	1.007056e+00
8.250761782266723e-05	1.006174e+00
8.260761782266723e-05	1.005141e+00
8.270761782266723e-05	1.003955e+00
8.280761782266723e-05	1.002623e+00
8.290761782266724e-05	1.001146e+00
8.300761782266724e-05	9.995307e-01
8.310761782266724e-05	9.977786e-01
8.320761782266724e-05	9.958977e-01
8.330761782266725e-05	9.938888e-01
8.340761782266725e-05	9.917608e-01
8.350761782266725e-05	9.895150e-01
8.360761782266725e-05	9.871605e-01
8.370761782266726e-05	9.846987e-01
8.380761782266726e-05	9.821392e-01
8.390761782266726e-05	9.794836e-01
8.400761782266726e-05	9.767416e-01
8.410761782266727e-05	9.739148e-01
8.420761782266727e-05	9.710131e-01
8.430761782266727e-05	9.680384e-01
8.440761782266727e-05	9.650003e-01
8.450761782266728e-05	9.619009e-01
8.460761782266728e-05	9.587500e-01
8.470761782266728e-05	9.555494e-01
8.480761782266728e-05	9.523092e-01
8.490761782266729e-05	9.490312e-01
8.500761782266729e-05	9.457252e-01
8.510761782266729e-05	9.423933e-01
8.520761782266729e-05	9.390454e-01
8.530761782266730e-05	9.356834e-01
8.540761782266730e-05	9.323171e-01
8.550761782266730e-05	9.289488e-01
8.560761782266730e-05	9.255881e-01
8.570761782266730e-05	9.222372e-01
8.580761782266731e-05	9.189060e-01
8.590761782266731e-05	9.155966e-01
8.600761782266731e-05	9.123188e-01
8.610761782266731e-05	9.090748e-01
8.620761782266732e-05	9.058745e-01
8.630761782266732e-05	9.027199e-01
8.640761782266732e-05	8.996209e-01
8.650761782266732e-05	8.965793e-01
8.660761782266733e-05	8.936050e-01
8.670761782266733e-05	8.906996e-01
8.680761782266733e-05	8.878727e-01
8.690761782266733e-05	8.851257e-01
8.700761782266734e-05	8.824679e-01
8.710761782266734e-05	8.799003e-01
8.720761782266734e-05	8.774316e-01
8.730761782266734e-05	8.750624e-01
8.740761782266735e-05	8.728009e-01
8.750761782266735e-05	8.706470e-01
8.760761782266735e-05	8.686083e-01
8.770761782266735e-05	8.666839e-01
8.780761782266736e-05	8.648805e-01
8.790761782266736e-05	8.631966e-01
8.800761782266736e-05	8.616380e-01
8.810761782266736e-05	8.602024e-01
8.820761782266737e-05	8.588949e-01
8.830761782266737e-05	8.577121e-01
8.840761782266737e-05	8.566583e-01
8.850761782266737e-05	8.557296e-01
8.860761782266738e-05	8.549291e-01
8.870761782266738e-05	8.542524e-01
8.880761782266738e-05	8.537021e-01
8.890761782266738e-05	8.532727e-01
8.900761782266739e-05	8.529665e-01
8.910761782266739e-05	8.527776e-01
8.920761782266739e-05	8.527074e-01
8.930761782266739e-05	8.527499e-01
8.940761782266739e-05	8.529061e-01
8.950761782266740e-05	8.531694e-01
8.960761782266740e-05	8.535408e-01
8.970761782266740e-05	8.540135e-01
8.980761782266740e-05	8.545881e-01
8.990761782266741e-05	8.552577e-01
9.000761782266741e-05	8.560229e-01
9.010761782266741e-05	8.568766e-01
9.020761782266741e-05	8.578194e-01
9.030761782266742e-05	8.588443e-01
9.040761782266742e-05	8.599518e-01
9.050761782266742e-05	8.611348e-01
9.060761782266742e-05	8.623939e-01
9.070761782266743e-05	8.637222e-01
9.080761782266743e-05	8.651202e-01
9.090761782266743e-05	8.665810e-01
9.100761782266743e-05	8.681054e-01
9.110761782266744e-05	8.696865e-01
9.120761782266744e-05	8.713249e-01
9.130761782266744e-05	8.730140e-01
9.140761782266744e-05	8.747546e-01
9.150761782266745e-05	8.765401e-01
9.160761782266745e-05	8.783712e-01
9.170761782266745e-05	8.802414e-01
9.180761782266745e-05	8.821517e-01
9.190761782266746e-05	8.840955e-01
9.200761782266746e-05	8.860737e-01
9.210761782266746e-05	8.880801e-01
9.220761782266746e-05	8.901154e-01
9.230761782266747e-05	8.921733e-01
9.240761782266747e-05	8.942549e-01
9.250761782266747e-05	8.963536e-01
9.260761782266747e-05	8.984707e-01
9.270761782266748e-05	9.005996e-01
9.280761782266748e-05	9.027414e-01
9.290761782266748e-05	9.048897e-01
9.300761782266748e-05	9.070455e-01
9.310761782266748e-05	9.092025e-01
9.320761782266749e-05	9.113615e-01
9.330761782266749e-05	9.135163e-01
9.340761782266749e-05	9.156676e-01
9.350761782266749e-05	9.178092e-01
9.360761782266750e-05	9.199418e-01
9.370761782266750e-05	9.220591e-01
9.380761782266750e-05	9.241617e-01
9.390761782266750e-05	9.262434e-01
9.400761782266751e-05	9.283048e-01
9.410761782266751e-05	9.303394e-01
9.420761782266751e-05	9.323479e-01
9.430761782266751e-05	9.343239e-01
9.440761782266752e-05	9.362680e-01
9.450761782266752e-05	9.381737e-01
9.460761782266752e-05	9.400417e-01
9.470761782266752e-05	9.418654e-01
9.480761782266753e-05	9.436455e-01
9.490761782266753e-05	9.453755e-01
9.500761782266753e-05	9.470561e-01
9.510761782266753e-05	9.486809e-01
9.520761782266754e-05	9.502506e-01
9.530761782266754e-05	9.517589e-01
9.540761782266754e-05	9.532066e-01
9.550761782266754e-05	9.545875e-01
9.560761782266755e-05	9.559026e-01
9.570761782266755e-05	9.571458e-01
9.580761782266755e-05	9.583183e-01
9.590761782266755e-05	9.594142e-01
9.600761782266756e-05	9.604349e-01
9.610761782266756e-05	9.613747e-01
9.620761782266756e-05	9.622353e-01
9.630761782266756e-05	9.630113e-01
9.640761782266756e-05	9.637048e-01
9.650761782266757e-05	9.643106e-01
9.660761782266757e-05	9.648310e-01
9.670761782266757e-05	9.652614e-01
9.680761782266757e-05	9.656043e-01
9.690761782266758e-05	9.658555e-01
9.700761782266758e-05	9.660179e-01
9.710761782266758e-05	9.660878e-01
9.720761782266758e-05	9.660685e-01
9.730761782266759e-05	9.659565e-01
9.740761782266759e-05	9.657556e-01
9.750761782266759e-05	9.654628e-01
9.760761782266759e-05	9.650823e-01
9.770761782266760e-05	9.646115e-01
9.780761782266760e-05	9.640548e-01
9.790761782266760e-05	9.634103e-01
9.800761782266760e-05	9.626827e-01
9.810761782266761e-05	9.618703e-01
9.820761782266761e-05	9.609784e-01
9.830761782266761e-05	9.600055e-01
9.840761782266761e-05	9.589574e-01
9.850761782266762e-05	9.578329e-01
9.860761782266762e-05	9.566379e-01
9.870761782266762e-05	9.553717e-01
9.880761782266762e-05	9.540405e-01
9.890761782266763e-05	9.526439e-01
9.900761782266763e-05	9.511881e-01
9.910761782266763e-05	9.496731e-01
9.920761782266763e-05	9.481054e-01
9.930761782266764e-05	9.464851e-01
9.940761782266764e-05	9.448190e-01
9.950761782266764e-05	9.431073e-01
9.960761782266764e-05	9.413568e-01
9.970761782266765e-05	9.395680e-01
9.980761782266765e-05	9.377479e-01
9.990761782266765e-05	9.358970e-01
1.000076178226677e-04	9.340224e-01
1.001076178226677e-04	9.321247e-01
1.002076178226677e-04	9.302112e-01
1.003076178226677e-04	9.282823e-01
1.004076178226677e-04	9.263455e-01
1.005076178226677e-04	9.244012e-01
1.006076178226677e-04	9.224568e-01
1.007076178226677e-04	9.205130e-01
1.008076178226677e-04	9.185769e-01
1.009076178226677e-04	9.166492e-01
1.010076178226677e-04	9.147370e-01
1.011076178226677e-04	9.128410e-01
1.012076178226677e-04	9.109680e-01
1.013076178226677e-04	9.091187e-01
1.014076178226677e-04	9.073000e-01
1.015076178226677e-04	9.055122e-01
1.016076178226677e-04	9.037620e-01
1.017076178226677e-04	9.020496e-01
1.018076178226677e-04	9.003816e-01
1.019076178226677e-04	8.987579e-01
1.020076178226677e-04	8.971846e-01
1.021076178226677e-04	8.956618e-01
1.022076178226677e-04	8.941952e-01
1.023076178226677e-04	8.927843e-01
1.024076178226677e-04	8.914348e-01
1.025076178226677e-04	8.901457e-01
1.026076178226677e-04	8.889224e-01
1.027076178226677e-04	8.877636e-01
1.028076178226677e-04	8.866742e-01
1.029076178226677e-04	8.856527e-01
1.030076178226677e-04	8.847036e-01
1.031076178226677e-04	8.838249e-01
1.032076178226677e-04	8.830207e-01
1.033076178226677e-04	8.822886e-01
1.034076178226677e-04	8.816325e-01
1.035076178226677e-04	8.810496e-01
1.036076178226677e-04	8.805432e-01
1.037076178226677e-04	8.801103e-01
1.038076178226677e-04	8.797539e-01
1.039076178226677e-04	8.794706e-01
1.040076178226677e-04	8.792630e-01
1.041076178226678e-04	8.791274e-01
1.042076178226678e-04	8.790661e-01
1.043076178226678e-04	8.790753e-01
1.044076178226678e-04	8.791569e-01
1.045076178226678e-04	8.793068e-01
1.046076178226678e-04	8.795268e-01
1.047076178226678e-04	8.798124e-01
1.048076178226678e-04	8.801653e-01
1.049076178226678e-04	8.805810e-01
1.050076178226678e-04	8.810608e-01
1.051076178226678e-04	8.816000e-01
1.052076178226678e-04	8.822000e-01
1.053076178226678e-04	8.828558e-01
1.054076178226678e-04	8.835688e-01
1.055076178226678e-04	8.843339e-01
1.056076178226678e-04	8.851522e-01
1.057076178226678e-04	8.860188e-01
1.058076178226678e-04	8.869346e-01
1.059076178226678e-04	8.878947e-01
1.060076178226678e-04	8.888999e-01
1.061076178226678e-04	8.899453e-01
1.062076178226678e-04	8.910316e-01
1.063076178226678e-04	8.921538e-01
1.064076178226678e-04	8.933128e-01
1.065076178226678e-04	8.945034e-01
1.066076178226678e-04	8.957265e-01
1.067076178226678e-04	8.969769e-01
1.068076178226678e-04	8.982556e-01
1.069076178226678e-04	8.995572e-01
1.070076178226678e-04	9.008828e-01
1.071076178226678e-04	9.022269e-01
1.072076178226678e-04	9.035906e-01
1.073076178226678e-04	9.049686e-01
1.074076178226678e-04	9.063618e-01
1.075076178226678e-04	9.077649e-01
1.076076178226678e-04	9.091787e-01
1.077076178226678e-04	9.105982e-01
1.078076178226678e-04	9.120240e-01
1.079076178226678e-04	9.134510e-01
1.080076178226678e-04	9.148799e-01
1.081076178226678e-04	9.163057e-01
1.082076178226679e-04	9.177291e-01
1.083076178226679e-04	9.191449e-01
1.084076178226679e-04	9.205540e-01
1.085076178226679e-04	9.219510e-01
1.086076178226679e-04	9.233369e-01
1.087076178226679e-04	9.247066e-01
1.088076178226679e-04	9.260607e-01
1.089076178226679e-04	9.273943e-01
1.090076178226679e-04	9.287081e-01
1.091076178226679e-04	9.299971e-01
1.092076178226679e-04	9.312621e-01
1.093076178226679e-04	9.324982e-01
1.094076178226679e-04	9.337061e-01
1.095076178226679e-04	9.348809e-01
1.096076178226679e-04	9.360237e-01
1.097076178226679e-04	9.371296e-01
1.098076178226679e-04	9.381994e-01
1.099076178226679e-04	9.392286e-01
1.100076178226679e-04	9.402181e-01
1.101076178226679e-04	9.411634e-01
1.102076178226679e-04	9.420656e-01
1.103076178226679e-04	9.429202e-01
1.104076178226679e-04	9.437287e-01
1.105076178226679e-04	9.444865e-01
1.106076178226679e-04	9.451952e-01
1.107076178226679e-04	9.458505e-01
1.108076178226679e-04	9.464543e-01
1.109076178226679e-04	9.470023e-01
1.110076178226679e-04	9.474965e-01
1.111076178226679e-04	9.479331e-01
1.112076178226679e-04	9.483140e-01
1.113076178226679e-04	9.486357e-01
1.114076178226679e-04	9.489006e-01
1.115076178226679e-04	9.491051e-01
1.116076178226679e-04	9.492519e-01
1.117076178226679e-04	9.493378e-01
1.118076178226679e-04	9.493654e-01
1.119076178226679e-04	9.493320e-01
1.120076178226679e-04	9.492406e-01
1.121076178226679e-04	9.490884e-01
1.122076178226679e-04	9.488787e-01
1.123076178226680e-04	9.486092e-01
1.124076178226680e-04	9.482834e-01
1.125076178226680e-04	9.478990e-01
1.126076178226680e-04	9.474599e-01
1.127076178226680e-04	9.469642e-01
1.128076178226680e-04	9.464157e-01
1.129076178226680e-04	9.458129e-01
1.130076178226680e-04	9.451599e-01
1.131076178226680e-04	9.444554e-01
1.132076178226680e-04	9.437036e-01
1.133076178226680e-04	9.429034e-01
1.134076178226680e-04	9.420594e-01
1.135076178226680e-04	9.411705e-01
1.136076178226680e-04	9.402415e-01
1.137076178226680e-04	9.392716e-01
1.138076178226680e-04	9.382656e-01
1.139076178226680e-04	9.372230e-01
1.140076178226680e-04	9.361487e-01
1.141076178226680e-04	9.350422e-01
1.142076178226680e-04	9.339087e-01
1.143076178226680e-04	9.327477e-01
1.144076178226680e-04	9.315645e-01
1.145076178226680e-04	9.303587e-01
1.146076178226680e-04	9.291358e-01
1.147076178226680e-04	9.278954e-01
1.148076178226680e-04	9.266430e-01
1.149076178226680e-04	9.253783e-01
1.150076178226680e-04	9.241068e-01
1.151076178226680e-04	9.228282e-01
1.152076178226680e-04	9.215480e-01
1.153076178226680e-04	9.202660e-01
1.154076178226680e-04	9.189877e-01
1.155076178226680e-04	9.177128e-01
1.156076178226680e-04	9.164466e-01
1.157076178226680e-04	9.151891e-01
1.158076178226680e-04	9.139453e-01
1.159076178226680e-04	9.127152e-01
1.160076178226680e-04	9.115037e-01
1.161076178226680e-04	9.103107e-01
1.162076178226680e-04	9.091411e-01
1.163076178226680e-04	9.079944e-01
1.164076178226681e-04	9.068756e-01
1.165076178226681e-04	9.057841e-01
1.166076178226681e-04	9.047247e-01
1.167076178226681e-04	9.036965e-01
1.168076178226681e-04	9.027042e-01
1.169076178226681e-04	9.017468e-01
1.170076178226681e-04	9.008287e-01
1.171076178226681e-04	8.999488e-01
1.172076178226681e-04	8.991113e-01
1.173076178226681e-04	8.983148e-01
1.174076178226681e-04	8.975633e-01
1.175076178226681e-04	8.968553e-01
1.176076178226681e-04	8.961945e-01
1.177076178226681e-04	8.955791e-01
1.178076178226681e-04	8.950126e-01
1.179076178226681e-04	8.944930e-01
1.180076178226681e-04	8.940236e-01
1.181076178226681e-04	8.936022e-01
1.182076178226681e-04	8.932318e-01
1.183076178226681e-04	8.929100e-01
1.184076178226681e-04	8.926396e-01
1.185076178226681e-04	8.924179e-01
1.186076178226681e-04	8.922476e-01
1.187076178226681e-04	8.921258e-01
1.188076178226681e-04	8.920548e-01
1.189076178226681e-04	8.920318e-01
1.190076178226681e-04	8.920588e-01
1.191076178226681e-04	8.921326e-01
1.192076178226681e-04	8.922553e-01
1.193076178226681e-04	8.924235e-01
1.194076178226681e-04	8.926391e-01
1.195076178226681e-04	8.928986e-01
1.196076178226681e-04	8.932036e-01
1.197076178226681e-04	8.935507e-01
1.198076178226681e-04	8.939413e-01
1.199076178226681e-04	8.943716e-01
1.200076178226681e-04	8.948432e-01
1.201076178226681e-04	8.953522e-01
1.202076178226681e-04	8.959000e-01
1.203076178226681e-04	8.964827e-01
1.204076178226681e-04	8.971016e-01
1.205076178226682e-04	8.977526e-01
1.206076178226682e-04	8.984368e-01
1.207076178226682e-04	8.991505e-01
1.208076178226682e-04	8.998945e-01
1.209076178226682e-04	9.006650e-01
1.210076178226682e-04	9.014627e-01
1.211076178226682e-04	9.022838e-01
1.212076178226682e-04	9.031292e-01
1.213076178226682e-04	9.039947e-01
1.214076178226682e-04	9.048813e-01
1.215076178226682e-04	9.057849e-01
1.216076178226682e-04	9.067063e-01
1.217076178226682e-04	9.076414e-01
1.218076178226682e-04	9.085911e-01
1.219076178226682e-04	9.095512e-01
1.220076178226682e-04	9.105226e-01
1.221076178226682e-04	9.115010e-01
1.222076178226682e-04	9.124874e-01
1.223076178226682e-04	9.134776e-01
1.224076178226682e-04	9.144722e-01
1.225076178226682e-04	9.154674e-01
1.226076178226682e-04	9.164638e-01
1.227076178226682e-04	9.174573e-01
1.228076178226682e-04	9.184488e-01
1.229076178226682e-04	9.194340e-01
1.230076178226682e-04	9.204138e-01
1.231076178226682e-04	9.213843e-01
1.232076178226682e-04	9.223460e-01
1.233076178226682e-04	9.232951e-01
1.234076178226682e-04	9.242323e-01
1.235076178226682e-04	9.251538e-01
1.236076178226682e-04	9.260602e-01
1.237076178226682e-04	9.269478e-01
1.238076178226682e-04	9.278174e-01
1.239076178226682e-04	9.286650e-01
1.240076178226682e-04	9.294919e-01
1.241076178226682e-04	9.302939e-01
1.242076178226682e-04	9.310722e-01
1.243076178226682e-04	9.318231e-01
1.244076178226682e-04	9.325476e-01
1.245076178226682e-04	9.332422e-01
1.246076178226682e-04	9.339079e-01
1.247076178226682e-04	9.345412e-01
1.248076178226682e-04	9.351434e-01
1.249076178226682e-04	9.357110e-01
1.250000000000000e-04	9.362061e-01
1.250092382177332e-04	9.362534e-01
1.250277146531995e-04	9.363482e-01
1.250408287945727e-04	9.364147e-01
1.250512758350035e-04	9.364672e-01
1.250594519493635e-04	9.365080e-01
1.250631301226466e-04	1.926369e+00
1.250649601410020e-04	1.881218e+00
1.250660813724067e-04	1.952716e+00
1.250665464375830e-04	1.950553e+00
1.250669589053171e-04	1.944914e+00
1.250672886903738e-04	1.939029e+00
1.250676304542723e-04	1.935434e+00
1.250679438188303e-04	1.932781e+00
1.250682835358120e-04	1.931722e+00
1.250686565945955e-04	1.931091e+00
1.250690896184777e-04	1.931297e+00
1.250696319300912e-04	1.931428e+00
1.250703598869538e-04	1.931511e+00
1.250715127480815e-04	1.930675e+00
1.250735323742119e-04	1.929056e+00
1.250764373785978e-04	1.926640e+00
1.250822473873695e-04	1.921218e+00
1.250932333761397e-04	1.908556e+00
1.251000000000000e-04	1.899764e+00
1.251006766623860e-04	1.898796e+00
1.251020299871581e-04	1.896947e+00
1.251047366367022e-04	1.893259e+00
1.251089429315356e-04	1.887455e+00
1.251173555212025e-04	1.875723e+00
1.251305795522519e-04	1.857053e+00
1.251451498451706e-04	1.836376e+00
1.251621729357338e-04	1.812195e+00
1.251819831398949e-04	1.784090e+00
1.252027695736400e-04	1.754660e+00
1.252426499467849e-04	1.698436e+00
1.253047493520914e-04	1.611735e+00
1.253758573281220e-04	1.514283e+00
1.254311316071283e-04	1.440559e+00
1.254780751867404e-04	1.380448e+00
1.255139087510869e-04	1.338442e+00
1.255297137675571e-04	1.321856e+00
1.255454252156760e-04	1.306724e+00
1.255673421673004e-04	1.287395e+00
1.255921953599040e-04	1.267452e+00
1.256218392100908e-04	1.245794e+00
1.256665246017353e-04	1.216607e+00
1.257231388829410e-04	1.184442e+00
1.258231388829410e-04	1.137485e+00
1.259231388829410e-04	1.100052e+00
1.260043474102884e-04	1.074787e+00
1.260839088448612e-04	1.053412e+00
1.261617559254607e-04	1.035087e+00
1.262102903183305e-04	1.024752e+00
1.262546940281714e-04	1.015923e+00
1.262970264614838e-04	1.008007e+00
1.263372245150729e-04	1.000899e+00
1.263777971722462e-04	9.940926e-01
1.264241662627055e-04	9.867247e-01
1.264933711488380e-04	9.764563e-01
1.265574527226516e-04	9.676392e-01
1.266083079579788e-04	9.610617e-01
1.266605530288470e-04	9.546466e-01
1.267127243272971e-04	9.485566e-01
1.267646170262981e-04	9.427800e-01
1.268100936288977e-04	9.379307e-01
1.268606697500692e-04	9.327470e-01
1.269064388836505e-04	9.282345e-01
1.269750486362193e-04	9.217511e-01
1.270355626261784e-04	9.162918e-01
1.270887367339944e-04	9.116721e-01
1.271420125210049e-04	9.071984e-01
1.272019502536224e-04	9.023294e-01
1.272995088110565e-04	8.947415e-01
1.273995088110565e-04	8.873400e-01
1.274884143367700e-04	8.810396e-01
1.275662692101044e-04	8.757069e-01
1.276522840944274e-04	8.699953e-01
1.277355443647859e-04	8.646216e-01
1.278355443647859e-04	8.583490e-01
1.279355443647859e-04	8.522446e-01
1.280355443647859e-04	8.462911e-01
1.281355443647859e-04	8.404640e-01
1.282355443647859e-04	8.347521e-01
1.283355443647860e-04	8.291362e-01
1.284355443647860e-04	8.236096e-01
1.285355443647860e-04	8.181568e-01
1.286355443647860e-04	8.127744e-01
1.287355443647860e-04	8.074495e-01
1.288355443647860e-04	8.021812e-01
1.289355443647860e-04	7.969584e-01
1.290355443647860e-04	7.917820e-01
1.291355443647860e-04	7.866425e-01
1.292355443647860e-04	7.815418e-01
1.293355443647860e-04	7.764715e-01
1.294355443647860e-04	7.714347e-01
1.295355443647860e-04	7.664236e-01
1.296355443647860e-04	7.614418e-01
1.297355443647860e-04	7.564822e-01
1.298355443647860e-04	7.515492e-01
1.299355443647860e-04	7.466357e-01
1.300355443647860e-04	7.417466e-01
1.301355443647860e-04	7.368752e-01
1.302355443647860e-04	7.320265e-01
1.303355443647860e-04	7.271942e-01
1.304355443647860e-04	7.223836e-01
1.305355443647860e-04	7.175883e-01
1.306355443647860e-04	7.128138e-01
1.307355443647860e-04	7.080539e-01
1.308355443647860e-04	7.033142e-01
1.309355443647860e-04	6.985886e-01
1.310355443647860e-04	6.938828e-01
1.311355443647860e-04	6.891907e-01
1.312355443647860e-04	6.845180e-01
1.313355443647860e-04	6.798587e-01
1.314355443647860e-04	6.752187e-01
1.315355443647860e-04	6.705920e-01
1.316355443647860e-04	6.659844e-01
1.317355443647860e-04	6.613899e-01
1.318355443647860e-04	6.568144e-01
1.319355443647860e-04	6.522520e-01
1.320355443647860e-04	6.477087e-01
1.321355443647860e-04	6.431784e-01
1.322355443647860e-04	6.386673e-01
1.323355443647860e-04	6.341692e-01
1.324355443647861e-04	6.296903e-01
1.325355443647861e-04	6.252247e-01
1.326355443647861e-04	6.207785e-01
1.327355443647861e-04	6.163458e-01
1.328355443647861e-04	6.119327e-01
1.329355443647861e-04	6.075335e-01
1.330355443647861e-04	6.031544e-01
1.331355443647861e-04	5.987896e-01
1.332355443647861e-04	5.944454e-01
1.333355443647861e-04	5.901161e-01
1.334355443647861e-04	5.858082e-01
1.335355443647861e-04	5.815161e-01
1.336355443647861e-04	5.772466e-01
1.337355443647861e-04	5.729942e-01
1.338355443647861e-04	5.687658e-01
1.339355443647861e-04	5.645565e-01
1.340355443647861e-04	5.603734e-01
1.341355443647861e-04	5.562119e-01
1.342355443647861e-04	5.520796e-01
1.343355443647861e-04	5.479727e-01
1.344355443647861e-04	5.438993e-01
1.345355443647861e-04	5.398562e-01
1.346355443647861e-04	5.358526e-01
1.347355443647861e-04	5.318862e-01
1.348355443647861e-04	5.279672e-01
1.349355443647861e-04	5.240947e-01
1.350355443647861e-04	5.202802e-01
1.351355443647861e-04	5.165242e-01
1.352355443647861e-04	5.128398e-01
1.353355443647861e-04	5.092292e-01
1.354355443647861e-04	5.057071e-01
1.355355443647861e-04	5.022772e-01
1.356355443647861e-04	4.989556e-01
1.357355443647861e-04	4.957473e-01
1.358355443647861e-04	4.926691e-01
1.359355443647861e-04	4.897264e-01
1.360355443647861e-04	4.869358e-01
1.361355443647861e-04	4.843019e-01
1.362355443647861e-04	4.818398e-01
1.363355443647861e-04	4.795519e-01
1.364355443647861e-04	4.774505e-01
1.365355443647862e-04	4.755348e-01
1.366355443647862e-04	4.738134e-01
1.367355443647862e-04	4.722817e-01
1.368355443647862e-04	4.709445e-01
1.369355443647862e-04	4.697934e-01
1.370355443647862e-04	4.688298e-01
1.371355443647862e-04	4.680422e-01
1.372355443647862e-04	4.674294e-01
1.373355443647862e-04	4.669780e-01
1.374355443647862e-04	4.666851e-01
1.375355443647862e-04	4.665362e-01
1.376355443647862e-04	4.665277e-01
1.377355443647862e-04	4.666448e-01
1.378355443647862e-04	4.668840e-01
1.379355443647862e-04	4.672307e-01
1.380355443647862e-04	4.676819e-01
1.381355443647862e-04	4.682237e-01
1.382355443647862e-04	4.688538e-01
1.383355443647862e-04	4.695590e-01
1.384355443647862e-04	4.703378e-01
1.385355443647862e-04	4.711779e-01
1.386355443647862e-04	4.720786e-01
1.387355443647862e-04	4.730283e-01
1.388355443647862e-04	4.740272e-01
1.389355443647862e-04	4.750642e-01
1.390355443647862e-04	4.761400e-01
1.391355443647862e-04	4.772444e-01
1.392355443647862e-04	4.783785e-01
1.393355443647862e-04	4.795324e-01
1.394355443647862e-04	4.807078e-01
1.395355443647862e-04	4.818951e-01
1.396355443647862e-04	4.830964e-01
1.397355443647862e-04	4.843023e-01
1.398355443647862e-04	4.855149e-01
1.399355443647862e-04	4.867254e-01
1.400355443647862e-04	4.879360e-01
1.401355443647862e-04	4.891378e-01
1.402355443647862e-04	4.903334e-01
1.403355443647862e-04	4.915140e-01
1.404355443647862e-04	4.926821e-01
1.405355443647862e-04	4.938293e-01
1.406355443647863e-04	4.949580e-01
1.407355443647863e-04	4.960599e-01
1.408355443647863e-04	4.971377e-01
1.409355443647863e-04	4.981832e-01
1.410355443647863e-04	4.991991e-01
1.411355443647863e-04	5.001775e-01
1.412355443647863e-04	5.011213e-01
1.413355443647863e-04	5.020227e-01
1.414355443647863e-04	5.028850e-01
1.415355443647863e-04	5.037006e-01
1.416355443647863e-04	5.044731e-01
1.417355443647863e-04	5.051953e-01
1.418355443647863e-04	5.058711e-01
1.419355443647863e-04	5.064937e-01
1.420355443647863e-04	5.070675e-01
1.421355443647863e-04	5.075860e-01
1.422355443647863e-04	5.080541e-01
1.423355443647863e-04	5.084658e-01
1.424355443647863e-04	5.088264e-01
1.425355443647863e-04	5.091306e-01
1.426355443647863e-04	5.093841e-01
1.427355443647863e-04	5.095819e-01
1.428355443647863e-04	5.097304e-01
1.429355443647863e-04	5.098251e-01
1.430355443647863e-04	5.098726e-01
1.431355443647863e-04	5.098690e-01
1.432355443647863e-04	5.098214e-01
1.433355443647863e-04	5.097263e-01
1.434355443647863e-04	5.095910e-01
1.435355443647863e-04	5.094123e-01
1.436355443647863e-04	5.091979e-01
1.437355443647863e-04	5.089450e-01
1.438355443647863e-04	5.086613e-01
1.439355443647863e-04	5.083442e-01
1.440355443647863e-04	5.080018e-01
1.441355443647863e-04	5.076314e-01
1.442355443647863e-04	5.072411e-01
1.443355443647863e-04	5.068284e-01
1.444355443647863e-04	5.064014e-01
1.445355443647863e-04	5.059576e-01
1.446355443647863e-04	5.055051e-01
1.447355443647864e-04	5.050411e-01
1.448355443647864e-04	5.045736e-01
1.449355443647864e-04	5.041000e-01
1.450355443647864e-04	5.036280e-01
1.451355443647864e-04	5.031546e-01
1.452355443647864e-04	5.026874e-01
1.453355443647864e-04	5.022234e-01
1.454355443647864e-04	5.017697e-01
1.455355443647864e-04	5.013233e-01
1.456355443647864e-04	5.008908e-01
1.457355443647864e-04	5.004690e-01
1.458355443647864e-04	5.000644e-01
1.459355443647864e-04	4.996733e-01
1.460355443647864e-04	4.993020e-01
1.461355443647864e-04	4.989465e-01
1.462355443647864e-04	4.986129e-01
1.463355443647864e-04	4.982969e-01
1.464355443647864e-04	4.980042e-01
1.465355443647864e-04	4.977302e-01
1.466355443647864e-04	4.974805e-01
1.467355443647864e-04	4.972503e-01
1.468355443647864e-04	4.970448e-01
1.469355443647864e-04	4.968589e-01
1.470355443647864e-04	4.966976e-01
1.471355443647864e-04	4.965558e-01
1.472355443647864e-04	4.964382e-01
1.473355443647864e-04	4.963393e-01
1.474355443647864e-04	4.962638e-01
1.475355443647864e-04	4.962061e-01
1.476355443647864e-04	4.961707e-01
1.477355443647864e-04	4.961518e-01
1.478355443647864e-04	4.961537e-01
1.479355443647864e-04	4.961707e-01
1.480355443647864e-04	4.962069e-01
1.481355443647864e-04	4.962565e-01
1.482355443647864e-04	4.963236e-01
1.483355443647864e-04	4.964023e-01
1.484355443647864e-04	4.964966e-01
1.485355443647864e-04	4.966006e-01
1.486355443647864e-04	4.967182e-01
1.487355443647864e-04	4.968436e-01
1.488355443647865e-04	4.969808e-01
1.489355443647865e-04	4.971237e-01
1.490355443647865e-04	4.972763e-01
1.491355443647865e-04	4.974329e-01
1.492355443647865e-04	4.975972e-01
1.493355443647865e-04	4.977635e-01
1.494355443647865e-04	4.979358e-01
1.495355443647865e-04	4.981083e-01
1.496355443647865e-04	4.982850e-01
1.497355443647865e-04	4.984600e-01
1.498355443647865e-04	4.986377e-01
1.499355443647865e-04	4.988122e-01
1.500355443647865e-04	4.989877e-01
1.501355443647865e-04	4.991585e-01
1.502355443647865e-04	4.993290e-01
1.503355443647865e-04	4.994935e-01
1.504355443647865e-04	4.996564e-01
1.505355443647865e-04	4.998122e-01
1.506355443647865e-04	4.999653e-01
1.507355443647865e-04	5.001102e-01
1.508355443647865e-04	5.002515e-01
1.509355443647865e-04	5.003839e-01
1.510355443647865e-04	5.005119e-01
1.511355443647865e-04	5.006302e-01
1.512355443647865e-04	5.007437e-01
1.513355443647865e-04	5.008470e-01
1.514355443647865e-04	5.009449e-01
1.515355443647865e-04	5.010325e-01
1.516355443647865e-04	5.011145e-01
1.517355443647865e-04	5.011858e-01
1.518355443647865e-04	5.012516e-01
1.519355443647865e-04	5.013067e-01
1.520355443647865e-04	5.013562e-01
1.521355443647865e-04	5.013953e-01
1.522355443647865e-04	5.014290e-01
1.523355443647865e-04	5.014526e-01
1.524355443647865e-04	5.014710e-01
1.525355443647865e-04	5.014797e-01
1.526355443647865e-04	5.014838e-01
1.527355443647865e-04	5.014787e-01
1.528355443647865e-04	5.014694e-01
1.529355443647865e-04	5.014515e-01
1.530355443647866e-04	5.014301e-01
1.531355443647866e-04	5.014007e-01
1.532355443647866e-04	5.013685e-01
1.533355443647866e-04	5.013290e-01
1.534355443647866e-04	5.012874e-01
1.535355443647866e-04	5.012393e-01
1.536355443647866e-04	5.011898e-01
1.537355443647866e-04	5.011346e-01
1.538355443647866e-04	5.010788e-01
1.539355443647866e-04	5.010180e-01
1.540355443647866e-04	5.009573e-01
1.541355443647866e-04	5.008925e-01
1.542355443647866e-04	5.008285e-01
1.543355443647866e-04	5.007611e-01
1.544355443647866e-04	5.006952e-01
1.545355443647866e-04	5.006266e-01
1.546355443647866e-04	5.005603e-01
1.547355443647866e-04	5.004918e-01
1.548355443647866e-04	5.004263e-01
1.549355443647866e-04	5.003592e-01
1.550355443647866e-04	5.002955e-01
1.551355443647866e-04	5.002309e-01
1.552355443647866e-04	5.001703e-01
1.553355443647866e-04	5.001090e-01
1.554355443647866e-04	5.000522e-01
1.555355443647866e-04	4.999953e-01
1.556355443647866e-04	4.999430e-01
1.557355443647866e-04	4.998910e-01
1.558355443647866e-04	4.998441e-01
1.559355443647866e-04	4.997975e-01
1.560355443647866e-04	4.997562e-01
1.561355443647866e-04	4.997155e-01
1.562355443647866e-04	4.996803e-01
1.563355443647866e-04	4.996457e-01
1.564355443647866e-04	4.996166e-01
1.565355443647866e-04	4.995883e-01
1.566355443647866e-04	4.995655e-01
1.567355443647866e-04	4.995434e-01
1.568355443647866e-04	4.995268e-01
1.569355443647866e-04	4.995109e-01
1.570355443647866e-04	4.995003e-01
1.571355443647867e-04	4.994904e-01
1.572355443647867e-04	4.994856e-01
1.573355443647867e-04	4.994812e-01
1.574355443647867e-04	4.994818e-01
1.575355443647867e-04	4.994827e-01
1.576355443647867e-04	4.994884e-01
1.577355443647867e-04	4.994940e-01
1.578355443647867e-04	4.995042e-01
1.579355443647867e-04	4.995142e-01
1.580355443647867e-04	4.995284e-01
1.581355443647867e-04	4.995421e-01
1.582355443647867e-04	4.995598e-01
1.583355443647867e-04	4.995768e-01
1.584355443647867e-04	4.995974e-01
1.585355443647867e-04	4.996170e-01
1.586355443647867e-04	4.996399e-01
1.587355443647867e-04	4.996615e-01
1.588355443647867e-04	4.996862e-01
1.589355443647867e-04	4.997093e-01
1.590355443647867e-04	4.997352e-01
1.591355443647867e-04	4.997593e-01
1.592355443647867e-04	4.997858e-01
1.593355443647867e-04	4.998103e-01
1.594355443647867e-04	4.998370e-01
1.595355443647867e-04	4.998614e-01
1.596355443647867e-04	4.998878e-01
1.597355443647867e-04	4.999117e-01
1.598355443647867e-04	4.999373e-01
1.599355443647867e-04	4.999602e-01
1.600355443647867e-04	4.999848e-01
1.601355443647867e-04	5.000064e-01
1.602355443647867e-04	5.000295e-01
1.603355443647867e-04	5.000495e-01
1.604355443647867e-04	5.000708e-01
1.605355443647867e-04	5.000890e-01
1.606355443647867e-04	5.001083e-01
1.607355443647867e-04	5.001244e-01
1.608355443647867e-04	5.001417e-01
1.609355443647867e-04	5.001555e-01
1.610355443647867e-04	5.001705e-01
1.611355443647867e-04	5.001820e-01
1.612355443647868e-04	5.001946e-01
1.613355443647868e-04	5.002038e-01
1.614355443647868e-04	5.002141e-01
1.615355443647868e-04	5.002209e-01
1.616355443647868e-04	5.002288e-01
1.617355443647868e-04	5.002333e-01
1.618355443647868e-04	5.002389e-01
1.619355443647868e-04	5.002412e-01
1.620355443647868e-04	5.002446e-01
1.621355443647868e-04	5.002447e-01
1.622355443647868e-04	5.002460e-01
1.623355443647868e-04	5.002442e-01
1.624355443647868e-04	5.002436e-01
1.625355443647868e-04	5.002399e-01
1.626355443647868e-04	5.002376e-01
1.627355443647868e-04	5.002323e-01
1.628355443647868e-04	5.002284e-01
1.629355443647868e-04	5.002216e-01
1.630355443647868e-04	5.002164e-01
1.631355443647868e-04	5.002085e-01
1.632355443647868e-04	5.002022e-01
1.633355443647868e-04	5.001932e-01
1.634355443647868e-04	5.001860e-01
1.635355443647868e-04	5.001763e-01
1.636355443647868e-04	5.001684e-01
1.637355443647868e-04	5.001581e-01
1.638355443647868e-04	5.001497e-01
1.639355443647868e-04	5.001390e-01
1.640355443647868e-04	5.001304e-01
1.641355443647868e-04	5.001196e-01
1.642355443647868e-04	5.001110e-01
1.643355443647868e-04	5.001002e-01
1.644355443647868e-04	5.000917e-01
1.645355443647868e-04	5.000811e-01
1.646355443647868e-04	5.000728e-01
1.647355443647868e-04	5.000626e-01
1.648355443647868e-04	5.000547e-01
1.649355443647868e-04	5.000451e-01
1.650355443647868e-04	5.000378e-01
1.651355443647868e-04	5.000287e-01
1.652355443647868e-04	5.000221e-01
1.653355443647869e-04	5.000137e-01
1.654355443647869e-04	5.000079e-01
1.655355443647869e-04	5.000002e-01
1.656355443647869e-04	4.999952e-01
1.657355443647869e-04	4.999885e-01
1.658355443647869e-04	4.999843e-01
1.659355443647869e-04	4.999784e-01
1.660355443647869e-04	4.999751e-01
1.661355443647869e-04	4.999702e-01
1.662355443647869e-04	4.999678e-01
1.663355443647869e-04	4.999638e-01
1.664355443647869e-04	4.999623e-01
1.665355443647869e-04	4.999591e-01
1.666355443647869e-04	4.999585e-01
1.667355443647869e-04	4.999562e-01
1.668355443647869e-04	4.999564e-01
1.669355443647869e-04	4.999549e-01
1.670355443647869e-04	4.999559e-01
1.671355443647869e-04	4.999552e-01
1.672355443647869e-04	4.999569e-01
1.673355443647869e-04	4.999568e-01
1.674355443647869e-04	4.999592e-01
1.675355443647869e-04	4.999598e-01
1.676355443647869e-04	4.999627e-01
1.677355443647869e-04	4.999638e-01
1.678355443647869e-04	4.999673e-01
1.679355443647869e-04	4.999689e-01
1.680355443647869e-04	4.999728e-01
1.681355443647869e-04	4.999747e-01
1.682355443647869e-04	4.999789e-01
1.683355443647869e-04	4.999812e-01
1.684355443647869e-04	4.999856e-01
1.685355443647869e-04	4.999881e-01
1.686355443647869e-04	4.999927e-01
1.687355443647869e-04	4.999954e-01
1.688355443647869e-04	5.000000e-01
1.689355443647869e-04	5.000027e-01
1.690355443647869e-04	5.000075e-01
1.691355443647869e-04	5.000101e-01
1.692355443647869e-04	5.000148e-01
1.693355443647869e-04	5.000174e-01
1.694355443647870e-04	5.000219e-01
1.695355443647870e-04	5.000244e-01
1.696355443647870e-04	5.000288e-01
1.697355443647870e-04	5.000310e-01
1.698355443647870e-04	5.000352e-01
1.699355443647870e-04	5.000373e-01
1.700355443647870e-04	5.000412e-01
1.701355443647870e-04	5.000430e-01
1.702355443647870e-04	5.000466e-01
1.703355443647870e-04	5.000481e-01
1.704355443647870e-04	5.000514e-01
1.705355443647870e-04	5.000525e-01
1.706355443647870e-04	5.000555e-01
1.707355443647870e-04	5.000563e-01
1.708355443647870e-04	5.000590e-01
1.709355443647870e-04	5.000594e-01
1.710355443647870e-04	5.000618e-01
1.711355443647870e-04	5.000619e-01
1.712355443647870e-04	5.000639e-01
1.713355443647870e-04	5.000636e-01
1.714355443647870e-04	5.000653e-01
1.715355443647870e-04	5.000647e-01
1.716355443647870e-04	5.000660e-01
1.717355443647870e-04	5.000652e-01
1.718355443647870e-04	5.000662e-01
1.719355443647870e-04	5.000651e-01
1.720355443647870e-04	5.000658e-01
1.721355443647870e-04	5.000644e-01
1.722355443647870e-04	5.000650e-01
1.723355443647870e-04	5.000633e-01
1.724355443647870e-04	5.000636e-01
1.725355443647870e-04	5.000618e-01
1.726355443647870e-04	5.000619e-01
1.727355443647870e-04	5.000598e-01
1.728355443647870e-04	5.000598e-01
1.729355443647870e-04	5.000576e-01
1.730355443647870e-04	5.000574e-01
1.731355443647870e-04	5.000552e-01
1.732355443647870e-04	5.000549e-01
1.733355443647870e-04	5.000525e-01
1.734355443647870e-04	5.000522e-01
1.735355443647871e-04	5.000498e-01
1.736355443647871e-04	5.000494e-01
1.737355443647871e-04	5.000470e-01
1.738355443647871e-04	5.000465e-01
1.739355443647871e-04	5.000442e-01
1.740355443647871e-04	5.000438e-01
1.741355443647871e-04	5.000414e-01
1.742355443647871e-04	5.000411e-01
1.743355443647871e-04	5.000387e-01
1.744355443647871e-04	5.000384e-01
1.745355443647871e-04	5.000362e-01
1.746355443647871e-04	5.000360e-01
1.747355443647871e-04	5.000339e-01
1.748355443647871e-04	5.000337e-01
1.749355443647871e-04	5.000317e-01
1.750355443647871e-04	5.000317e-01
1.751355443647871e-04	5.000298e-01
1.752355443647871e-04	5.000298e-01
1.753355443647871e-04	5.000281e-01
1.754355443647871e-04	5.000283e-01
1.755355443647871e-04	5.000266e-01
1.756355443647871e-04	5.000270e-01
1.757355443647871e-04	5.000255e-01
1.758355443647871e-04	5.000259e-01
1.759355443647871e-04	5.000245e-01
1.760355443647871e-04	5.000251e-01
1.761355443647871e-04	5.000239e-01
1.762355443647871e-04	5.000246e-01
1.763355443647871e-04	5.000235e-01
1.764355443647871e-04	5.000243e-01
1.765355443647871e-04	5.000233e-01
1.766355443647871e-04	5.000243e-01
1.767355443647871e-04	5.000233e-01
1.768355443647871e-04	5.000244e-01
1.769355443647871e-04	5.000236e-01
1.770355443647871e-04	5.000247e-01
1.771355443647871e-04	5.000240e-01
1.772355443647871e-04	5.000253e-01
1.773355443647871e-04	5.000246e-01
1.774355443647871e-04	5.000259e-01
1.775355443647871e-04	5.000254e-01
1.776355443647872e-04	5.000267e-01
1.777355443647872e-04	5.000262e-01
1.778355443647872e-04	5.000276e-01
1.779355443647872e-04	5.000271e-01
1.780355443647872e-04	5.000286e-01
1.781355443647872e-04	5.000281e-01
1.782355443647872e-04	5.000296e-01
1.783355443647872e-04	5.000292e-01
1.784355443647872e-04	5.000307e-01
1.785355443647872e-04	5.000303e-01
1.786355443647872e-04	5.000318e-01
1.787355443647872e-04	5.000313e-01
1.788355443647872e-04	5.000328e-01
1.789355443647872e-04	5.000324e-01
1.790355443647872e-04	5.000338e-01
1.791355443647872e-04	5.000334e-01
1.792355443647872e-04	5.000348e-01
1.793355443647872e-04	5.000343e-01
1.794355443647872e-04	5.000357e-01
1.795355443647872e-04	5.000352e-01
1.796355443647872e-04	5.000366e-01
1.797355443647872e-04	5.000360e-01
1.798355443647872e-04	5.000374e-01
1.799355443647872e-04	5.000368e-01
1.800355443647872e-04	5.000381e-01
1.801355443647872e-04	5.000374e-01
1.802355443647872e-04	5.000387e-01
1.803355443647872e-04	5.000380e-01
1.804355443647872e-04	5.000391e-01
1.805355443647872e-04	5.000384e-01
1.806355443647872e-04	5.000395e-01
1.807355443647872e-04	5.000388e-01
1.808355443647872e-04	5.000398e-01
1.809355443647872e-04	5.000390e-01
1.810355443647872e-04	5.000400e-01
1.811355443647872e-04	5.000392e-01
1.812355443647872e-04	5.000401e-01
1.813355443647872e-04	5.000392e-01
1.814355443647872e-04	5.000402e-01
1.815355443647872e-04	5.000392e-01
1.816355443647872e-04	5.000401e-01
1.817355443647872e-04	5.000391e-01
1.818355443647873e-04	5.000400e-01
1.819355443647873e-04	5.000390e-01
1.820355443647873e-04	5.000398e-01
1.821355443647873e-04	5.000387e-01
1.822355443647873e-04	5.000395e-01
1.823355443647873e-04	5.000385e-01
1.824355443647873e-04	5.000392e-01
1.825355443647873e-04	5.000381e-01
1.826355443647873e-04	5.000389e-01
1.827355443647873e-04	5.000378e-01
1.828355443647873e-04	5.000385e-01
1.829355443647873e-04	5.000374e-01
1.830355443647873e-04	5.000381e-01
1.831355443647873e-04	5.000370e-01
1.832355443647873e-04	5.000377e-01
1.833355443647873e-04	5.000366e-01
1.834355443647873e-04	5.000373e-01
1.835355443647873e-04	5.000362e-01
1.836355443647873e-04	5.000369e-01
1.837355443647873e-04	5.000358e-01
1.838355443647873e-04	5.000365e-01
1.839355443647873e-04	5.000354e-01
1.840355443647873e-04	5.000361e-01
1.841355443647873e-04	5.000350e-01
1.842355443647873e-04	5.000358e-01
1.843355443647873e-04	5.000347e-01
1.844355443647873e-04	5.000354e-01
1.845355443647873e-04	5.000344e-01
1.846355443647873e-04	5.000351e-01
1.847355443647873e-04	5.000341e-01
1.848355443647873e-04	5.000349e-01
1.849355443647873e-04	5.000339e-01
1.850355443647873e-04	5.000347e-01
1.851000000000000e-04	5.000337e-01
1.851064455635213e-04	5.000341e-01
1.851193366905638e-04	5.000341e-01
1.851451189446489e-04	5.000341e-01
1.851560991699741e-04	5.000341e-01
1.851621907977220e-04	2.605126e-01
1.851647209757060e-04	2.752391e-01
1.851669026039905e-04	2.704385e-01
1.851687450098568e-04	2.711009e-01
1.851707157522097e-04	2.714091e-01
1.851736549264589e-04	2.717114e-01
1.851765413889736e-04	2.719512e-01
1.851804568509096e-04	2.723849e-01
1.851851824622075e-04	2.727985e-01
1.851911989936274e-04	2.734327e-01
1.851988806494706e-04	2.741341e-01
1.852000000000000e-04	2.742864e-01
1.852001119350529e-04	2.742805e-01
1.852003358051588e-04	2.742961e-01
1.852007835453706e-04	2.743438e-01
1.852014876983982e-04	2.744089e-01
1.852028960044533e-04	2.745487e-01
1.852057126165635e-04	2.748195e-01
1.852113458407841e-04	2.753689e-01
1.852226122892251e-04	2.764579e-01
1.852451451861072e-04	2.786374e-01
1.852853434236004e-04	2.824968e-01
1.853657398985868e-04	2.901447e-01
1.854441730391609e-04	2.975025e-01
1.855306756546755e-04	3.055157e-01
1.856094261429455e-04	3.127105e-01
1.856860547116049e-04	3.196311e-01
1.857556566328541e-04	3.258388e-01
1.858289489633907e-04	3.323053e-01
1.858717264933587e-04	3.360390e-01
1.859220730855072e-04	3.404047e-01
1.859683931933027e-04	3.443830e-01
1.860323703681469e-04	3.498315e-01
1.861018535719318e-04	3.556736e-01
1.861577883495182e-04	3.603284e-01
1.862138768615209e-04	3.649430e-01
1.862712823017841e-04	3.696217e-01
1.863449593650740e-04	3.755469e-01
1.864304085152490e-04	3.823210e-01
1.865245346239074e-04	3.896489e-01
1.866245346239074e-04	3.972929e-01
1.867245346239074e-04	4.047818e-01
1.868245346239074e-04	4.121278e-01
1.869245346239074e-04	4.193225e-01
1.870245346239074e-04	4.263789e-01
1.871245346239074e-04	4.332893e-01
1.872245346239074e-04	4.400672e-01
1.873245346239075e-04	4.467054e-01
1.874245346239075e-04	4.532179e-01
1.875245346239075e-04	4.595978e-01
1.876245346239075e-04	4.658596e-01
1.877245346239075e-04	4.719967e-01
1.878245346239075e-04	4.780236e-01
1.879245346239075e-04	4.839339e-01
1.880245346239075e-04	4.897422e-01
1.881245346239075e-04	4.954422e-01
1.882245346239075e-04	5.010484e-01
1.883245346239075e-04	5.065547e-01
1.884245346239075e-04	5.119753e-01
1.885245346239075e-04	5.173039e-01
1.886245346239075e-04	5.225549e-01
1.887245346239075e-04	5.277218e-01
1.888245346239075e-04	5.328185e-01
1.889245346239075e-04	5.378386e-01
1.890245346239075e-04	5.427958e-01
1.891245346239075e-04	5.476834e-01
1.892245346239075e-04	5.525150e-01
1.893245346239075e-04	5.572835e-01
1.894245346239075e-04	5.620023e-01
1.895245346239075e-04	5.666643e-01
1.896245346239075e-04	5.712824e-01
1.897245346239075e-04	5.758493e-01
1.898245346239075e-04	5.803778e-01
1.899245346239075e-04	5.848604e-01
1.900245346239075e-04	5.893095e-01
1.901245346239075e-04	5.937175e-01
1.902245346239075e-04	5.980966e-01
1.903245346239075e-04	6.024388e-01
1.904245346239075e-04	6.067564e-01
1.905245346239075e-04	6.110410e-01
1.906245346239075e-04	6.153048e-01
1.907245346239075e-04	6.195393e-01
1.908245346239075e-04	6.237562e-01
1.909245346239075e-04	6.279471e-01
1.910245346239075e-04	6.321235e-01
1.911245346239075e-04	6.362768e-01
1.912245346239075e-04	6.404185e-01
1.913245346239075e-04	6.445397e-01
1.914245346239076e-04	6.486516e-01
1.915245346239076e-04	6.527454e-01
1.916245346239076e-04	6.568324e-01
1.917245346239076e-04	6.609033e-01
1.918245346239076e-04	6.649693e-01
1.919245346239076e-04	6.690212e-01
1.920245346239076e-04	6.730699e-01
1.921245346239076e-04	6.771063e-01
1.922245346239076e-04	6.811412e-01
1.923245346239076e-04	6.851652e-01
1.924245346239076e-04	6.891890e-01
1.925245346239076e-04	6.932034e-01
1.926245346239076e-04	6.972188e-01
1.927245346239076e-04	7.012261e-01
1.928245346239076e-04	7.052356e-01
1.929245346239076e-04	7.092379e-01
1.930245346239076e-04	7.132433e-01
1.931245346239076e-04	7.172426e-01
1.932245346239076e-04	7.212458e-01
1.933245346239076e-04	7.252438e-01
1.934245346239076e-04	7.292464e-01
1.935245346239076e-04	7.332443e-01
1.936245346239076e-04	7.372477e-01
1.937245346239076e-04	7.412469e-01
1.938245346239076e-04	7.452520e-01
1.939245346239076e-04	7.492535e-01
1.940245346239076e-04	7.532612e-01
1.941245346239076e-04	7.572657e-01
1.942245346239076e-04	7.612767e-01
1.943245346239076e-04	7.652847e-01
1.944245346239076e-04	7.692995e-01
1.945245346239076e-04	7.733115e-01
1.946245346239076e-04	7.773304e-01
1.947245346239076e-04	7.813465e-01
1.948245346239076e-04	7.853697e-01
1.949245346239076e-04	7.893902e-01
1.950245346239076e-04	7.934175e-01
1.951245346239076e-04	7.974420e-01
1.952245346239076e-04	8.014734e-01
1.953245346239076e-04	8.055017e-01
1.954245346239076e-04	8.095366e-01
1.955245346239077e-04	8.135682e-01
1.956245346239077e-04	8.176059e-01
1.957245346239077e-04	8.216399e-01
1.958245346239077e-04	8.256796e-01
1.959245346239077e-04	8.297150e-01
1.960245346239077e-04	8.337553e-01
1.961245346239077e-04	8.377907e-01
1.962245346239077e-04	8.418302e-01
1.963245346239077e-04	8.458638e-01
1.964245346239077e-04	8.499006e-01
1.965245346239077e-04	8.539304e-01
1.966245346239077e-04	8.579620e-01
1.967245346239077e-04	8.619854e-01
1.968245346239077e-04	8.660091e-01
1.969245346239077e-04	8.700229e-01
1.970245346239077e-04	8.740351e-01
1.971245346239077e-04	8.780355e-01
1.972245346239077e-04	8.820322e-01
1.973245346239077e-04	8.860146e-01
1.974245346239077e-04	8.899909e-01
1.975245346239077e-04	8.939503e-01
1.976245346239077e-04	8.979004e-01
1.977245346239077e-04	9.018304e-01
1.978245346239077e-04	9.057478e-01
1.979245346239077e-04	9.096413e-01
1.980245346239077e-04	9.135180e-01
1.981245346239077e-04	9.173667e-01
1.982245346239077e-04	9.211939e-01
1.983245346239077e-04	9.249880e-01
1.984245346239077e-04	9.287555e-01
1.985245346239077e-04	9.324842e-01
1.986245346239077e-04	9.361802e-01
1.987245346239077e-04	9.398312e-01
1.988245346239077e-04	9.434427e-01
1.989245346239077e-04	9.470020e-01
1.990245346239077e-04	9.505142e-01
1.991245346239077e-04	9.539665e-01
1.992245346239077e-04	9.573635e-01
1.993245346239077e-04	9.606919e-01
1.994245346239077e-04	9.639560e-01
1.995245346239077e-04	9.671423e-01
1.996245346239078e-04	9.702548e-01
1.997245346239078e-04	9.732796e-01
1.998245346239078e-04	9.762206e-01
1.999245346239078e-04	9.790638e-01
2.000245346239078e-04	9.818127e-01
