time	V(vcc)	V(vo)
0.000000000000000e+00	9.500000e+00	4.961557e+00
9.999999960041972e-12	9.500001e+00	4.961559e+00
1.999999992008394e-11	9.500003e+00	4.961560e+00
3.999999984016789e-11	9.500005e+00	4.961562e+00
7.999999968033578e-11	9.500010e+00	4.961567e+00
1.599999993606716e-10	9.500020e+00	4.961577e+00
3.199999987213431e-10	9.500040e+00	4.961597e+00
6.399999974426862e-10	9.500080e+00	4.961637e+00
1.279999994885372e-09	9.500161e+00	4.961717e+00
2.559999989770745e-09	9.500321e+00	4.961877e+00
5.119999979541490e-09	9.500644e+00	4.962198e+00
1.023999995908298e-08	9.501287e+00	4.962848e+00
2.047999991816596e-08	9.502574e+00	4.964191e+00
4.095999983633192e-08	9.505147e+00	4.967069e+00
6.163326713517923e-08	9.507743e+00	4.970212e+00
8.004197715671939e-08	9.510055e+00	4.973170e+00
1.001627642311015e-07	9.512579e+00	4.976521e+00
1.194824094266186e-07	9.515000e+00	4.979804e+00
1.431245424401159e-07	9.517962e+00	4.983846e+00
1.743841866235004e-07	9.521870e+00	4.989110e+00
2.177901076495342e-07	9.527283e+00	4.995993e+00
2.795098249768787e-07	9.534944e+00	5.004195e+00
3.616422534742396e-07	9.545055e+00	5.010555e+00
4.486059730131773e-07	9.555630e+00	5.009972e+00
5.486059730131773e-07	9.567583e+00	5.000939e+00
6.133393728556471e-07	9.575181e+00	4.992707e+00
6.689427433028622e-07	9.581609e+00	4.986552e+00
7.288114062032579e-07	9.588418e+00	4.982499e+00
7.968517866302004e-07	9.596004e+00	4.981612e+00
8.506229615499272e-07	9.601875e+00	4.983257e+00
8.994064067774521e-07	9.607102e+00	4.985856e+00
9.484884252574844e-07	9.612260e+00	4.988897e+00
9.964151574614897e-07	9.617192e+00	4.991764e+00
1.043399158698789e-06	9.621925e+00	4.994061e+00
1.090613351050092e-06	9.626574e+00	4.995531e+00
1.149221312874247e-06	9.632189e+00	4.995878e+00
1.207273030800121e-06	9.637574e+00	4.994524e+00
1.274763581051312e-06	9.643604e+00	4.991174e+00
1.329459350735149e-06	9.648303e+00	4.987606e+00
1.373766811709574e-06	9.651980e+00	4.984622e+00
1.413851576578911e-06	9.655207e+00	4.982161e+00
1.451006427369271e-06	9.658109e+00	4.980259e+00
1.483373750184366e-06	9.660566e+00	4.978974e+00
1.515313977278446e-06	9.662927e+00	4.978071e+00
1.579194431466606e-06	9.667450e+00	4.977243e+00
1.648949761271022e-06	9.672081e+00	4.977458e+00
1.713591594227512e-06	9.676078e+00	4.978164e+00
1.774022126101577e-06	9.679551e+00	4.978782e+00
1.820329657316752e-06	9.682038e+00	4.979000e+00
1.866308222778905e-06	9.684355e+00	4.978863e+00
1.912159812960231e-06	9.686512e+00	4.978316e+00
1.969335102127023e-06	9.688985e+00	4.977062e+00
2.049975041164201e-06	9.692058e+00	4.974443e+00
2.108121990957792e-06	9.693968e+00	4.972178e+00
2.160535065144400e-06	9.695468e+00	4.970100e+00
2.214396168673602e-06	9.696789e+00	4.968107e+00
2.283468828062632e-06	9.698152e+00	4.965940e+00
2.365062810372573e-06	9.699282e+00	4.964015e+00
2.465062810372572e-06	9.699952e+00	4.962385e+00
2.562651486644792e-06	9.699845e+00	4.961133e+00
2.633768826978940e-06	9.699294e+00	4.960166e+00
2.697981103429398e-06	9.698455e+00	4.959116e+00
2.769967472696864e-06	9.697129e+00	4.957687e+00
2.848524420880238e-06	9.695224e+00	4.955846e+00
2.932963585325980e-06	9.692645e+00	4.953644e+00
3.024805964924563e-06	9.689225e+00	4.951167e+00
3.113521055144787e-06	9.685323e+00	4.948852e+00
3.213521055144787e-06	9.680236e+00	4.946459e+00
3.313521055144787e-06	9.674437e+00	4.944324e+00
3.413521055144787e-06	9.667949e+00	4.942398e+00
3.513521055144787e-06	9.660799e+00	4.940601e+00
3.613521055144787e-06	9.653014e+00	4.938863e+00
3.713521055144787e-06	9.644626e+00	4.937142e+00
3.813521055144787e-06	9.635666e+00	4.935431e+00
3.913521055144786e-06	9.626171e+00	4.933749e+00
4.013521055144786e-06	9.616179e+00	4.932127e+00
4.113521055144786e-06	9.605727e+00	4.930598e+00
4.213521055144786e-06	9.594858e+00	4.929192e+00
4.313521055144786e-06	9.583615e+00	4.927931e+00
4.413521055144786e-06	9.572042e+00	4.926828e+00
4.513521055144786e-06	9.560185e+00	4.925891e+00
4.613521055144786e-06	9.548091e+00	4.925125e+00
4.713521055144786e-06	9.535806e+00	4.924532e+00
4.813521055144785e-06	9.523380e+00	4.924116e+00
4.913521055144785e-06	9.510862e+00	4.923879e+00
5.013521055144785e-06	9.498301e+00	4.923823e+00
5.113521055144785e-06	9.485746e+00	4.923954e+00
5.213521055144785e-06	9.473248e+00	4.924274e+00
5.313521055144785e-06	9.460856e+00	4.924787e+00
5.413521055144785e-06	9.448618e+00	4.925494e+00
5.513521055144785e-06	9.436583e+00	4.926394e+00
5.613521055144785e-06	9.424798e+00	4.927485e+00
5.713521055144784e-06	9.413310e+00	4.928761e+00
5.813521055144784e-06	9.402164e+00	4.930211e+00
5.913521055144784e-06	9.391404e+00	4.931819e+00
6.013521055144784e-06	9.381073e+00	4.933566e+00
6.113521055144784e-06	9.371211e+00	4.935425e+00
6.213521055144784e-06	9.361857e+00	4.937367e+00
6.313521055144784e-06	9.353048e+00	4.939359e+00
6.413521055144784e-06	9.344820e+00	4.941364e+00
6.513521055144784e-06	9.337204e+00	4.943352e+00
6.613521055144783e-06	9.330230e+00	4.945297e+00
6.713521055144783e-06	9.323926e+00	4.947183e+00
6.813521055144783e-06	9.318317e+00	4.949010e+00
6.913521055144783e-06	9.313426e+00	4.950792e+00
7.013521055144783e-06	9.309271e+00	4.952556e+00
7.113521055144783e-06	9.305868e+00	4.954338e+00
7.213521055144783e-06	9.303231e+00	4.956171e+00
7.313521055144783e-06	9.301372e+00	4.958079e+00
7.413521055144783e-06	9.300295e+00	4.960072e+00
7.513521055144782e-06	9.300007e+00	4.962139e+00
7.613521055144782e-06	9.300508e+00	4.964254e+00
7.713521055144783e-06	9.301797e+00	4.966379e+00
7.813521055144784e-06	9.303868e+00	4.968477e+00
7.913521055144785e-06	9.306713e+00	4.970516e+00
8.013521055144785e-06	9.310321e+00	4.972481e+00
8.113521055144786e-06	9.314677e+00	4.974372e+00
8.213521055144787e-06	9.319764e+00	4.976202e+00
8.313521055144788e-06	9.325563e+00	4.977988e+00
8.413521055144788e-06	9.332051e+00	4.979742e+00
8.513521055144789e-06	9.339201e+00	4.981462e+00
8.613521055144790e-06	9.346986e+00	4.983140e+00
8.713521055144790e-06	9.355374e+00	4.984751e+00
8.813521055144791e-06	9.364334e+00	4.986274e+00
8.913521055144792e-06	9.373829e+00	4.987692e+00
9.013521055144793e-06	9.383821e+00	4.988997e+00
9.113521055144793e-06	9.394273e+00	4.990191e+00
9.213521055144794e-06	9.405142e+00	4.991282e+00
9.313521055144795e-06	9.416385e+00	4.992272e+00
9.413521055144796e-06	9.427958e+00	4.993163e+00
9.513521055144796e-06	9.439815e+00	4.993944e+00
9.613521055144797e-06	9.451909e+00	4.994606e+00
9.713521055144798e-06	9.464194e+00	4.995136e+00
9.813521055144799e-06	9.476620e+00	4.995530e+00
9.913521055144799e-06	9.489138e+00	4.995788e+00
1.001352105514480e-05	9.501699e+00	4.995914e+00
1.011352105514480e-05	9.514254e+00	4.995912e+00
1.021352105514480e-05	9.526752e+00	4.995783e+00
1.031352105514480e-05	9.539144e+00	4.995527e+00
1.041352105514480e-05	9.551382e+00	4.995140e+00
1.051352105514480e-05	9.563417e+00	4.994618e+00
1.061352105514480e-05	9.575202e+00	4.993963e+00
1.071352105514481e-05	9.586690e+00	4.993177e+00
1.081352105514481e-05	9.597836e+00	4.992268e+00
1.091352105514481e-05	9.608596e+00	4.991239e+00
1.101352105514481e-05	9.618927e+00	4.990095e+00
1.111352105514481e-05	9.628789e+00	4.988840e+00
1.121352105514481e-05	9.638143e+00	4.987476e+00
1.131352105514481e-05	9.646952e+00	4.986006e+00
1.141352105514481e-05	9.655180e+00	4.984435e+00
1.151352105514481e-05	9.662796e+00	4.982769e+00
1.161352105514481e-05	9.669770e+00	4.981017e+00
1.171352105514481e-05	9.676074e+00	4.979184e+00
1.181352105514481e-05	9.681683e+00	4.977279e+00
1.191352105514481e-05	9.686574e+00	4.975307e+00
1.201352105514481e-05	9.690729e+00	4.973273e+00
1.211352105514482e-05	9.694132e+00	4.971186e+00
1.221352105514482e-05	9.696769e+00	4.969052e+00
1.231352105514482e-05	9.698628e+00	4.966880e+00
1.241352105514482e-05	9.699705e+00	4.964676e+00
1.251352105514482e-05	9.699993e+00	4.962451e+00
1.261352105514482e-05	9.699492e+00	4.960211e+00
1.271352105514482e-05	9.698203e+00	4.957965e+00
1.281352105514482e-05	9.696132e+00	4.955720e+00
1.291352105514482e-05	9.693287e+00	4.953485e+00
1.301352105514482e-05	9.689679e+00	4.951269e+00
1.311352105514482e-05	9.685323e+00	4.949079e+00
1.321352105514482e-05	9.680236e+00	4.946923e+00
1.331352105514482e-05	9.674437e+00	4.944811e+00
1.341352105514483e-05	9.667949e+00	4.942752e+00
1.351352105514483e-05	9.660799e+00	4.940753e+00
1.361352105514483e-05	9.653014e+00	4.938823e+00
1.371352105514483e-05	9.644626e+00	4.936971e+00
1.381352105514483e-05	9.635666e+00	4.935206e+00
1.391352105514483e-05	9.626171e+00	4.933535e+00
1.401352105514483e-05	9.616179e+00	4.931968e+00
1.411352105514483e-05	9.605727e+00	4.930513e+00
1.421352105514483e-05	9.594858e+00	4.929178e+00
1.431352105514483e-05	9.583615e+00	4.927973e+00
1.441352105514483e-05	9.572042e+00	4.926905e+00
1.451352105514483e-05	9.560185e+00	4.925982e+00
1.461352105514483e-05	9.548091e+00	4.925214e+00
1.471352105514483e-05	9.535806e+00	4.924607e+00
1.481352105514484e-05	9.523380e+00	4.924170e+00
1.491352105514484e-05	9.510862e+00	4.923910e+00
1.501352105514484e-05	9.498301e+00	4.923833e+00
1.511352105514484e-05	9.485746e+00	4.923945e+00
1.521352105514484e-05	9.473248e+00	4.924252e+00
1.531352105514484e-05	9.460856e+00	4.924755e+00
1.541352105514484e-05	9.448618e+00	4.925457e+00
1.551352105514484e-05	9.436583e+00	4.926358e+00
1.561352105514484e-05	9.424798e+00	4.927452e+00
1.571352105514484e-05	9.413310e+00	4.928733e+00
1.581352105514483e-05	9.402164e+00	4.930191e+00
1.591352105514483e-05	9.391404e+00	4.931807e+00
1.601352105514483e-05	9.381073e+00	4.933562e+00
1.611352105514483e-05	9.371211e+00	4.935429e+00
1.621352105514483e-05	9.361857e+00	4.937378e+00
1.631352105514483e-05	9.353048e+00	4.939373e+00
1.641352105514483e-05	9.344820e+00	4.941381e+00
1.651352105514483e-05	9.337204e+00	4.943369e+00
1.661352105514483e-05	9.330230e+00	4.945312e+00
1.671352105514483e-05	9.323926e+00	4.947194e+00
1.681352105514482e-05	9.318317e+00	4.949016e+00
1.691352105514482e-05	9.313426e+00	4.950792e+00
1.701352105514482e-05	9.309271e+00	4.952552e+00
1.711352105514482e-05	9.305868e+00	4.954331e+00
1.721352105514482e-05	9.303231e+00	4.956162e+00
1.731352105514482e-05	9.301372e+00	4.958072e+00
1.741352105514482e-05	9.300295e+00	4.960067e+00
1.751352105514482e-05	9.300007e+00	4.962137e+00
1.761352105514482e-05	9.300508e+00	4.964255e+00
1.771352105514482e-05	9.301797e+00	4.966383e+00
1.781352105514482e-05	9.303868e+00	4.968481e+00
1.791352105514481e-05	9.306713e+00	4.970519e+00
1.801352105514481e-05	9.310321e+00	4.972483e+00
1.811352105514481e-05	9.314677e+00	4.974372e+00
1.821352105514481e-05	9.319764e+00	4.976201e+00
1.831352105514481e-05	9.325563e+00	4.977986e+00
1.841352105514481e-05	9.332051e+00	4.979740e+00
1.851352105514481e-05	9.339201e+00	4.981462e+00
1.861352105514481e-05	9.346986e+00	4.983140e+00
1.871352105514481e-05	9.355374e+00	4.984752e+00
1.881352105514481e-05	9.364334e+00	4.986275e+00
1.891352105514480e-05	9.373829e+00	4.987693e+00
1.901352105514480e-05	9.383821e+00	4.988997e+00
1.911352105514480e-05	9.394273e+00	4.990191e+00
1.921352105514480e-05	9.405142e+00	4.991281e+00
1.931352105514480e-05	9.416385e+00	4.992272e+00
1.941352105514480e-05	9.427958e+00	4.993162e+00
1.951352105514480e-05	9.439815e+00	4.993944e+00
1.961352105514480e-05	9.451909e+00	4.994606e+00
1.971352105514480e-05	9.464194e+00	4.995136e+00
1.981352105514480e-05	9.476620e+00	4.995530e+00
1.991352105514480e-05	9.489138e+00	4.995788e+00
2.001352105514479e-05	9.501699e+00	4.995914e+00
2.011352105514479e-05	9.514254e+00	4.995911e+00
2.021352105514479e-05	9.526752e+00	4.995783e+00
2.031352105514479e-05	9.539144e+00	4.995527e+00
2.041352105514479e-05	9.551382e+00	4.995140e+00
2.051352105514479e-05	9.563417e+00	4.994618e+00
2.061352105514479e-05	9.575202e+00	4.993963e+00
2.071352105514479e-05	9.586690e+00	4.993177e+00
2.081352105514479e-05	9.597836e+00	4.992268e+00
2.091352105514479e-05	9.608596e+00	4.991239e+00
2.101352105514478e-05	9.618927e+00	4.990095e+00
2.111352105514478e-05	9.628789e+00	4.988840e+00
2.121352105514478e-05	9.638143e+00	4.987476e+00
2.131352105514478e-05	9.646952e+00	4.986006e+00
2.141352105514478e-05	9.655180e+00	4.984435e+00
2.151352105514478e-05	9.662796e+00	4.982769e+00
2.161352105514478e-05	9.669770e+00	4.981017e+00
2.171352105514478e-05	9.676074e+00	4.979184e+00
2.181352105514478e-05	9.681683e+00	4.977279e+00
2.191352105514478e-05	9.686574e+00	4.975307e+00
2.201352105514477e-05	9.690729e+00	4.973273e+00
2.211352105514477e-05	9.694132e+00	4.971186e+00
2.221352105514477e-05	9.696769e+00	4.969052e+00
2.231352105514477e-05	9.698628e+00	4.966880e+00
2.241352105514477e-05	9.699705e+00	4.964676e+00
2.251352105514477e-05	9.699993e+00	4.962451e+00
2.261352105514477e-05	9.699492e+00	4.960211e+00
2.271352105514477e-05	9.698203e+00	4.957965e+00
2.281352105514477e-05	9.696132e+00	4.955720e+00
2.291352105514477e-05	9.693287e+00	4.953485e+00
2.301352105514477e-05	9.689679e+00	4.951269e+00
2.311352105514476e-05	9.685323e+00	4.949079e+00
2.321352105514476e-05	9.680236e+00	4.946923e+00
2.331352105514476e-05	9.674437e+00	4.944811e+00
2.341352105514476e-05	9.667949e+00	4.942752e+00
2.351352105514476e-05	9.660799e+00	4.940753e+00
2.361352105514476e-05	9.653014e+00	4.938823e+00
2.371352105514476e-05	9.644626e+00	4.936971e+00
2.381352105514476e-05	9.635666e+00	4.935206e+00
2.391352105514476e-05	9.626171e+00	4.933535e+00
2.401352105514476e-05	9.616179e+00	4.931968e+00
2.411352105514475e-05	9.605727e+00	4.930513e+00
2.421352105514475e-05	9.594858e+00	4.929178e+00
2.431352105514475e-05	9.583615e+00	4.927973e+00
2.441352105514475e-05	9.572042e+00	4.926905e+00
2.451352105514475e-05	9.560185e+00	4.925982e+00
2.461352105514475e-05	9.548091e+00	4.925214e+00
2.471352105514475e-05	9.535806e+00	4.924607e+00
2.481352105514475e-05	9.523380e+00	4.924170e+00
2.491352105514475e-05	9.510862e+00	4.923910e+00
2.501352105514475e-05	9.498301e+00	4.923833e+00
2.511352105514475e-05	9.485746e+00	4.923945e+00
2.521352105514474e-05	9.473248e+00	4.924252e+00
2.531352105514474e-05	9.460856e+00	4.924755e+00
2.541352105514474e-05	9.448618e+00	4.925457e+00
2.551352105514474e-05	9.436583e+00	4.926358e+00
2.561352105514474e-05	9.424798e+00	4.927452e+00
2.571352105514474e-05	9.413310e+00	4.928733e+00
2.581352105514474e-05	9.402164e+00	4.930191e+00
2.591352105514474e-05	9.391404e+00	4.931807e+00
2.601352105514474e-05	9.381073e+00	4.933562e+00
2.611352105514474e-05	9.371211e+00	4.935429e+00
2.621352105514473e-05	9.361857e+00	4.937378e+00
2.631352105514473e-05	9.353048e+00	4.939373e+00
2.641352105514473e-05	9.344820e+00	4.941381e+00
2.651352105514473e-05	9.337204e+00	4.943369e+00
2.661352105514473e-05	9.330230e+00	4.945312e+00
2.671352105514473e-05	9.323926e+00	4.947194e+00
2.681352105514473e-05	9.318317e+00	4.949016e+00
2.691352105514473e-05	9.313426e+00	4.950792e+00
2.701352105514473e-05	9.309271e+00	4.952552e+00
2.711352105514473e-05	9.305868e+00	4.954331e+00
2.721352105514473e-05	9.303231e+00	4.956162e+00
2.731352105514472e-05	9.301372e+00	4.958072e+00
2.741352105514472e-05	9.300295e+00	4.960067e+00
2.751352105514472e-05	9.300007e+00	4.962137e+00
2.761352105514472e-05	9.300508e+00	4.964255e+00
2.771352105514472e-05	9.301797e+00	4.966383e+00
2.781352105514472e-05	9.303868e+00	4.968481e+00
2.791352105514472e-05	9.306713e+00	4.970519e+00
2.801352105514472e-05	9.310321e+00	4.972483e+00
2.811352105514472e-05	9.314677e+00	4.974372e+00
2.821352105514472e-05	9.319764e+00	4.976201e+00
2.831352105514471e-05	9.325563e+00	4.977986e+00
2.841352105514471e-05	9.332051e+00	4.979740e+00
2.851352105514471e-05	9.339201e+00	4.981462e+00
2.861352105514471e-05	9.346986e+00	4.983140e+00
2.871352105514471e-05	9.355374e+00	4.984752e+00
2.881352105514471e-05	9.364334e+00	4.986275e+00
2.891352105514471e-05	9.373829e+00	4.987693e+00
2.901352105514471e-05	9.383821e+00	4.988997e+00
2.911352105514471e-05	9.394273e+00	4.990191e+00
2.921352105514471e-05	9.405142e+00	4.991281e+00
2.931352105514471e-05	9.416385e+00	4.992272e+00
2.941352105514470e-05	9.427958e+00	4.993162e+00
2.951352105514470e-05	9.439815e+00	4.993944e+00
2.961352105514470e-05	9.451909e+00	4.994606e+00
2.971352105514470e-05	9.464194e+00	4.995136e+00
2.981352105514470e-05	9.476620e+00	4.995530e+00
2.991352105514470e-05	9.489138e+00	4.995788e+00
3.001352105514470e-05	9.501699e+00	4.995914e+00
3.011352105514470e-05	9.514254e+00	4.995911e+00
3.021352105514470e-05	9.526752e+00	4.995783e+00
3.031352105514470e-05	9.539144e+00	4.995527e+00
3.041352105514469e-05	9.551382e+00	4.995140e+00
3.051352105514469e-05	9.563417e+00	4.994618e+00
3.061352105514470e-05	9.575202e+00	4.993963e+00
3.071352105514470e-05	9.586690e+00	4.993177e+00
3.081352105514470e-05	9.597836e+00	4.992268e+00
3.091352105514470e-05	9.608596e+00	4.991239e+00
3.101352105514471e-05	9.618927e+00	4.990095e+00
3.111352105514471e-05	9.628789e+00	4.988840e+00
3.121352105514471e-05	9.638143e+00	4.987476e+00
3.131352105514471e-05	9.646952e+00	4.986006e+00
3.141352105514472e-05	9.655180e+00	4.984435e+00
3.151352105514472e-05	9.662796e+00	4.982769e+00
3.161352105514472e-05	9.669770e+00	4.981017e+00
3.171352105514472e-05	9.676074e+00	4.979184e+00
3.181352105514473e-05	9.681683e+00	4.977279e+00
3.191352105514473e-05	9.686574e+00	4.975307e+00
3.201352105514473e-05	9.690729e+00	4.973273e+00
3.211352105514473e-05	9.694132e+00	4.971186e+00
3.221352105514473e-05	9.696769e+00	4.969052e+00
3.231352105514474e-05	9.698628e+00	4.966880e+00
3.241352105514474e-05	9.699705e+00	4.964676e+00
3.251352105514474e-05	9.699993e+00	4.962451e+00
3.261352105514474e-05	9.699492e+00	4.960211e+00
3.271352105514475e-05	9.698203e+00	4.957965e+00
3.281352105514475e-05	9.696132e+00	4.955720e+00
3.291352105514475e-05	9.693287e+00	4.953485e+00
3.301352105514475e-05	9.689679e+00	4.951269e+00
3.311352105514476e-05	9.685323e+00	4.949079e+00
3.321352105514476e-05	9.680236e+00	4.946923e+00
3.331352105514476e-05	9.674437e+00	4.944811e+00
3.341352105514476e-05	9.667949e+00	4.942752e+00
3.351352105514477e-05	9.660799e+00	4.940753e+00
3.361352105514477e-05	9.653014e+00	4.938823e+00
3.371352105514477e-05	9.644626e+00	4.936971e+00
3.381352105514477e-05	9.635666e+00	4.935206e+00
3.391352105514478e-05	9.626171e+00	4.933535e+00
3.401352105514478e-05	9.616179e+00	4.931968e+00
3.411352105514478e-05	9.605727e+00	4.930513e+00
3.421352105514478e-05	9.594858e+00	4.929178e+00
3.431352105514479e-05	9.583615e+00	4.927973e+00
3.441352105514479e-05	9.572042e+00	4.926905e+00
3.451352105514479e-05	9.560185e+00	4.925982e+00
3.461352105514479e-05	9.548091e+00	4.925214e+00
3.471352105514480e-05	9.535806e+00	4.924607e+00
3.481352105514480e-05	9.523380e+00	4.924170e+00
3.491352105514480e-05	9.510862e+00	4.923910e+00
3.501352105514480e-05	9.498301e+00	4.923833e+00
3.511352105514481e-05	9.485746e+00	4.923945e+00
3.521352105514481e-05	9.473248e+00	4.924252e+00
3.531352105514481e-05	9.460856e+00	4.924755e+00
3.541352105514481e-05	9.448618e+00	4.925457e+00
3.551352105514482e-05	9.436583e+00	4.926358e+00
3.561352105514482e-05	9.424798e+00	4.927452e+00
3.571352105514482e-05	9.413310e+00	4.928733e+00
3.581352105514482e-05	9.402164e+00	4.930191e+00
3.591352105514482e-05	9.391404e+00	4.931807e+00
3.601352105514483e-05	9.381073e+00	4.933562e+00
3.611352105514483e-05	9.371211e+00	4.935429e+00
3.621352105514483e-05	9.361857e+00	4.937378e+00
3.631352105514483e-05	9.353048e+00	4.939373e+00
3.641352105514484e-05	9.344820e+00	4.941381e+00
3.651352105514484e-05	9.337204e+00	4.943369e+00
3.661352105514484e-05	9.330230e+00	4.945312e+00
3.671352105514484e-05	9.323926e+00	4.947194e+00
3.681352105514485e-05	9.318317e+00	4.949016e+00
3.691352105514485e-05	9.313426e+00	4.950792e+00
3.701352105514485e-05	9.309271e+00	4.952552e+00
3.711352105514485e-05	9.305868e+00	4.954331e+00
3.721352105514486e-05	9.303231e+00	4.956162e+00
3.731352105514486e-05	9.301372e+00	4.958072e+00
3.741352105514486e-05	9.300295e+00	4.960067e+00
3.751352105514486e-05	9.300007e+00	4.962137e+00
3.761352105514487e-05	9.300508e+00	4.964255e+00
3.771352105514487e-05	9.301797e+00	4.966383e+00
3.781352105514487e-05	9.303868e+00	4.968481e+00
3.791352105514487e-05	9.306713e+00	4.970519e+00
3.801352105514488e-05	9.310321e+00	4.972483e+00
3.811352105514488e-05	9.314677e+00	4.974372e+00
3.821352105514488e-05	9.319764e+00	4.976201e+00
3.831352105514488e-05	9.325563e+00	4.977986e+00
3.841352105514489e-05	9.332051e+00	4.979740e+00
3.851352105514489e-05	9.339201e+00	4.981462e+00
3.861352105514489e-05	9.346986e+00	4.983140e+00
3.871352105514489e-05	9.355374e+00	4.984752e+00
3.881352105514490e-05	9.364334e+00	4.986275e+00
3.891352105514490e-05	9.373829e+00	4.987693e+00
3.901352105514490e-05	9.383821e+00	4.988997e+00
3.911352105514490e-05	9.394273e+00	4.990191e+00
3.921352105514491e-05	9.405142e+00	4.991281e+00
3.931352105514491e-05	9.416385e+00	4.992272e+00
3.941352105514491e-05	9.427958e+00	4.993162e+00
3.951352105514491e-05	9.439815e+00	4.993944e+00
3.961352105514491e-05	9.451909e+00	4.994606e+00
3.971352105514492e-05	9.464194e+00	4.995136e+00
3.981352105514492e-05	9.476620e+00	4.995530e+00
3.991352105514492e-05	9.489138e+00	4.995788e+00
4.001352105514492e-05	9.501699e+00	4.995914e+00
4.011352105514493e-05	9.514254e+00	4.995911e+00
4.021352105514493e-05	9.526752e+00	4.995783e+00
4.031352105514493e-05	9.539144e+00	4.995527e+00
4.041352105514493e-05	9.551382e+00	4.995140e+00
4.051352105514494e-05	9.563417e+00	4.994618e+00
4.061352105514494e-05	9.575202e+00	4.993963e+00
4.071352105514494e-05	9.586690e+00	4.993177e+00
4.081352105514494e-05	9.597836e+00	4.992268e+00
4.091352105514495e-05	9.608596e+00	4.991239e+00
4.101352105514495e-05	9.618927e+00	4.990095e+00
4.111352105514495e-05	9.628789e+00	4.988840e+00
4.121352105514495e-05	9.638143e+00	4.987476e+00
4.131352105514496e-05	9.646952e+00	4.986006e+00
4.141352105514496e-05	9.655180e+00	4.984435e+00
4.151352105514496e-05	9.662796e+00	4.982769e+00
4.161352105514496e-05	9.669770e+00	4.981017e+00
4.171352105514497e-05	9.676074e+00	4.979184e+00
4.181352105514497e-05	9.681683e+00	4.977279e+00
4.191352105514497e-05	9.686574e+00	4.975307e+00
4.201352105514497e-05	9.690729e+00	4.973273e+00
4.211352105514498e-05	9.694132e+00	4.971186e+00
4.221352105514498e-05	9.696769e+00	4.969052e+00
4.231352105514498e-05	9.698628e+00	4.966880e+00
4.241352105514498e-05	9.699705e+00	4.964676e+00
4.251352105514499e-05	9.699993e+00	4.962451e+00
4.261352105514499e-05	9.699492e+00	4.960211e+00
4.271352105514499e-05	9.698203e+00	4.957965e+00
4.281352105514499e-05	9.696132e+00	4.955720e+00
4.291352105514499e-05	9.693287e+00	4.953485e+00
4.301352105514500e-05	9.689679e+00	4.951269e+00
4.311352105514500e-05	9.685323e+00	4.949079e+00
4.321352105514500e-05	9.680236e+00	4.946923e+00
4.331352105514500e-05	9.674437e+00	4.944811e+00
4.341352105514501e-05	9.667949e+00	4.942752e+00
4.351352105514501e-05	9.660799e+00	4.940753e+00
4.361352105514501e-05	9.653014e+00	4.938823e+00
4.371352105514501e-05	9.644626e+00	4.936971e+00
4.381352105514502e-05	9.635666e+00	4.935206e+00
4.391352105514502e-05	9.626171e+00	4.933535e+00
4.401352105514502e-05	9.616179e+00	4.931968e+00
4.411352105514502e-05	9.605727e+00	4.930513e+00
4.421352105514503e-05	9.594858e+00	4.929178e+00
4.431352105514503e-05	9.583615e+00	4.927973e+00
4.441352105514503e-05	9.572042e+00	4.926905e+00
4.451352105514503e-05	9.560185e+00	4.925982e+00
4.461352105514504e-05	9.548091e+00	4.925214e+00
4.471352105514504e-05	9.535806e+00	4.924607e+00
4.481352105514504e-05	9.523380e+00	4.924170e+00
4.491352105514504e-05	9.510862e+00	4.923910e+00
4.501352105514505e-05	9.498301e+00	4.923833e+00
4.511352105514505e-05	9.485746e+00	4.923945e+00
4.521352105514505e-05	9.473248e+00	4.924252e+00
4.531352105514505e-05	9.460856e+00	4.924755e+00
4.541352105514506e-05	9.448618e+00	4.925457e+00
4.551352105514506e-05	9.436583e+00	4.926358e+00
4.561352105514506e-05	9.424798e+00	4.927452e+00
4.571352105514506e-05	9.413310e+00	4.928733e+00
4.581352105514507e-05	9.402164e+00	4.930191e+00
4.591352105514507e-05	9.391404e+00	4.931807e+00
4.601352105514507e-05	9.381073e+00	4.933562e+00
4.611352105514507e-05	9.371211e+00	4.935429e+00
4.621352105514508e-05	9.361857e+00	4.937378e+00
4.631352105514508e-05	9.353048e+00	4.939373e+00
4.641352105514508e-05	9.344820e+00	4.941381e+00
4.651352105514508e-05	9.337204e+00	4.943369e+00
4.661352105514508e-05	9.330230e+00	4.945312e+00
4.671352105514509e-05	9.323926e+00	4.947194e+00
4.681352105514509e-05	9.318317e+00	4.949016e+00
4.691352105514509e-05	9.313426e+00	4.950792e+00
4.701352105514509e-05	9.309271e+00	4.952552e+00
4.711352105514510e-05	9.305868e+00	4.954331e+00
4.721352105514510e-05	9.303231e+00	4.956162e+00
4.731352105514510e-05	9.301372e+00	4.958072e+00
4.741352105514510e-05	9.300295e+00	4.960067e+00
4.751352105514511e-05	9.300007e+00	4.962137e+00
4.761352105514511e-05	9.300508e+00	4.964255e+00
4.771352105514511e-05	9.301797e+00	4.966383e+00
4.781352105514511e-05	9.303868e+00	4.968481e+00
4.791352105514512e-05	9.306713e+00	4.970519e+00
4.801352105514512e-05	9.310321e+00	4.972483e+00
4.811352105514512e-05	9.314677e+00	4.974372e+00
4.821352105514512e-05	9.319764e+00	4.976201e+00
4.831352105514513e-05	9.325563e+00	4.977986e+00
4.841352105514513e-05	9.332051e+00	4.979740e+00
4.851352105514513e-05	9.339201e+00	4.981462e+00
4.861352105514513e-05	9.346986e+00	4.983140e+00
4.871352105514514e-05	9.355374e+00	4.984752e+00
4.881352105514514e-05	9.364334e+00	4.986275e+00
4.891352105514514e-05	9.373829e+00	4.987693e+00
4.901352105514514e-05	9.383821e+00	4.988997e+00
4.911352105514515e-05	9.394273e+00	4.990191e+00
4.921352105514515e-05	9.405142e+00	4.991281e+00
4.931352105514515e-05	9.416385e+00	4.992272e+00
4.941352105514515e-05	9.427958e+00	4.993162e+00
4.951352105514516e-05	9.439815e+00	4.993944e+00
4.961352105514516e-05	9.451909e+00	4.994606e+00
4.971352105514516e-05	9.464194e+00	4.995136e+00
4.981352105514516e-05	9.476620e+00	4.995530e+00
4.991352105514517e-05	9.489138e+00	4.995788e+00
5.001352105514517e-05	9.501699e+00	4.995914e+00
5.011352105514517e-05	9.514254e+00	4.995911e+00
5.021352105514517e-05	9.526752e+00	4.995783e+00
5.031352105514517e-05	9.539144e+00	4.995527e+00
5.041352105514518e-05	9.551382e+00	4.995140e+00
5.051352105514518e-05	9.563417e+00	4.994618e+00
5.061352105514518e-05	9.575202e+00	4.993963e+00
5.071352105514518e-05	9.586690e+00	4.993177e+00
5.081352105514519e-05	9.597836e+00	4.992268e+00
5.091352105514519e-05	9.608596e+00	4.991239e+00
5.101352105514519e-05	9.618927e+00	4.990095e+00
5.111352105514519e-05	9.628789e+00	4.988840e+00
5.121352105514520e-05	9.638143e+00	4.987476e+00
5.131352105514520e-05	9.646952e+00	4.986006e+00
5.141352105514520e-05	9.655180e+00	4.984435e+00
5.151352105514520e-05	9.662796e+00	4.982769e+00
5.161352105514521e-05	9.669770e+00	4.981017e+00
5.171352105514521e-05	9.676074e+00	4.979184e+00
5.181352105514521e-05	9.681683e+00	4.977279e+00
5.191352105514521e-05	9.686574e+00	4.975307e+00
5.201352105514522e-05	9.690729e+00	4.973273e+00
5.211352105514522e-05	9.694132e+00	4.971186e+00
5.221352105514522e-05	9.696769e+00	4.969052e+00
5.231352105514522e-05	9.698628e+00	4.966880e+00
5.241352105514523e-05	9.699705e+00	4.964676e+00
5.251352105514523e-05	9.699993e+00	4.962451e+00
5.261352105514523e-05	9.699492e+00	4.960211e+00
5.271352105514523e-05	9.698203e+00	4.957965e+00
5.281352105514524e-05	9.696132e+00	4.955720e+00
5.291352105514524e-05	9.693287e+00	4.953485e+00
5.301352105514524e-05	9.689679e+00	4.951269e+00
5.311352105514524e-05	9.685323e+00	4.949079e+00
5.321352105514525e-05	9.680236e+00	4.946923e+00
5.331352105514525e-05	9.674437e+00	4.944811e+00
5.341352105514525e-05	9.667949e+00	4.942752e+00
5.351352105514525e-05	9.660799e+00	4.940753e+00
5.361352105514526e-05	9.653014e+00	4.938823e+00
5.371352105514526e-05	9.644626e+00	4.936971e+00
5.381352105514526e-05	9.635666e+00	4.935206e+00
5.391352105514526e-05	9.626171e+00	4.933535e+00
5.401352105514526e-05	9.616179e+00	4.931968e+00
5.411352105514527e-05	9.605727e+00	4.930513e+00
5.421352105514527e-05	9.594858e+00	4.929178e+00
5.431352105514527e-05	9.583615e+00	4.927973e+00
5.441352105514527e-05	9.572042e+00	4.926905e+00
5.451352105514528e-05	9.560185e+00	4.925982e+00
5.461352105514528e-05	9.548091e+00	4.925214e+00
5.471352105514528e-05	9.535806e+00	4.924607e+00
5.481352105514528e-05	9.523380e+00	4.924170e+00
5.491352105514529e-05	9.510862e+00	4.923910e+00
5.501352105514529e-05	9.498301e+00	4.923833e+00
5.511352105514529e-05	9.485746e+00	4.923945e+00
5.521352105514529e-05	9.473248e+00	4.924252e+00
5.531352105514530e-05	9.460856e+00	4.924755e+00
5.541352105514530e-05	9.448618e+00	4.925457e+00
5.551352105514530e-05	9.436583e+00	4.926358e+00
5.561352105514530e-05	9.424798e+00	4.927452e+00
5.571352105514531e-05	9.413310e+00	4.928733e+00
5.581352105514531e-05	9.402164e+00	4.930191e+00
5.591352105514531e-05	9.391404e+00	4.931807e+00
5.601352105514531e-05	9.381073e+00	4.933562e+00
5.611352105514532e-05	9.371211e+00	4.935429e+00
5.621352105514532e-05	9.361857e+00	4.937378e+00
5.631352105514532e-05	9.353048e+00	4.939373e+00
5.641352105514532e-05	9.344820e+00	4.941381e+00
5.651352105514533e-05	9.337204e+00	4.943369e+00
5.661352105514533e-05	9.330230e+00	4.945312e+00
5.671352105514533e-05	9.323926e+00	4.947194e+00
5.681352105514533e-05	9.318317e+00	4.949016e+00
5.691352105514534e-05	9.313426e+00	4.950792e+00
5.701352105514534e-05	9.309271e+00	4.952552e+00
5.711352105514534e-05	9.305868e+00	4.954331e+00
5.721352105514534e-05	9.303231e+00	4.956162e+00
5.731352105514534e-05	9.301372e+00	4.958072e+00
5.741352105514535e-05	9.300295e+00	4.960067e+00
5.751352105514535e-05	9.300007e+00	4.962137e+00
5.761352105514535e-05	9.300508e+00	4.964255e+00
5.771352105514535e-05	9.301797e+00	4.966383e+00
5.781352105514536e-05	9.303868e+00	4.968481e+00
5.791352105514536e-05	9.306713e+00	4.970519e+00
5.801352105514536e-05	9.310321e+00	4.972483e+00
5.811352105514536e-05	9.314677e+00	4.974372e+00
5.821352105514537e-05	9.319764e+00	4.976201e+00
5.831352105514537e-05	9.325563e+00	4.977986e+00
5.841352105514537e-05	9.332051e+00	4.979740e+00
5.851352105514537e-05	9.339201e+00	4.981462e+00
5.861352105514538e-05	9.346986e+00	4.983140e+00
5.871352105514538e-05	9.355374e+00	4.984752e+00
5.881352105514538e-05	9.364334e+00	4.986275e+00
5.891352105514538e-05	9.373829e+00	4.987693e+00
5.901352105514539e-05	9.383821e+00	4.988997e+00
5.911352105514539e-05	9.394273e+00	4.990191e+00
5.921352105514539e-05	9.405142e+00	4.991281e+00
5.931352105514539e-05	9.416385e+00	4.992272e+00
5.941352105514540e-05	9.427958e+00	4.993162e+00
5.951352105514540e-05	9.439815e+00	4.993944e+00
5.961352105514540e-05	9.451909e+00	4.994606e+00
5.971352105514540e-05	9.464194e+00	4.995136e+00
5.981352105514541e-05	9.476620e+00	4.995530e+00
5.991352105514541e-05	9.489138e+00	4.995788e+00
6.001352105514541e-05	9.501699e+00	4.995914e+00
6.011352105514541e-05	9.514254e+00	4.995911e+00
6.021352105514542e-05	9.526752e+00	4.995783e+00
6.031352105514542e-05	9.539144e+00	4.995527e+00
6.041352105514542e-05	9.551382e+00	4.995140e+00
6.051352105514542e-05	9.563417e+00	4.994618e+00
6.061352105514543e-05	9.575202e+00	4.993963e+00
6.071352105514543e-05	9.586690e+00	4.993177e+00
6.081352105514543e-05	9.597836e+00	4.992268e+00
6.091352105514543e-05	9.608596e+00	4.991239e+00
6.101352105514543e-05	9.618927e+00	4.990095e+00
6.111352105514544e-05	9.628789e+00	4.988840e+00
6.121352105514544e-05	9.638143e+00	4.987476e+00
6.131352105514544e-05	9.646952e+00	4.986006e+00
6.141352105514544e-05	9.655180e+00	4.984435e+00
6.151352105514545e-05	9.662796e+00	4.982769e+00
6.161352105514545e-05	9.669770e+00	4.981017e+00
6.171352105514545e-05	9.676074e+00	4.979184e+00
6.181352105514545e-05	9.681683e+00	4.977279e+00
6.191352105514546e-05	9.686574e+00	4.975307e+00
6.201352105514546e-05	9.690729e+00	4.973273e+00
6.211352105514546e-05	9.694132e+00	4.971186e+00
6.221352105514546e-05	9.696769e+00	4.969052e+00
6.231352105514547e-05	9.698628e+00	4.966880e+00
6.241352105514547e-05	9.699705e+00	4.964676e+00
6.251352105514547e-05	9.699993e+00	4.962451e+00
6.261352105514547e-05	9.699492e+00	4.960211e+00
6.271352105514548e-05	9.698203e+00	4.957965e+00
6.281352105514548e-05	9.696132e+00	4.955720e+00
6.291352105514548e-05	9.693287e+00	4.953485e+00
6.301352105514548e-05	9.689679e+00	4.951269e+00
6.311352105514549e-05	9.685323e+00	4.949079e+00
6.321352105514549e-05	9.680236e+00	4.946923e+00
6.331352105514549e-05	9.674437e+00	4.944811e+00
6.341352105514549e-05	9.667949e+00	4.942752e+00
6.351352105514550e-05	9.660799e+00	4.940753e+00
6.361352105514550e-05	9.653014e+00	4.938823e+00
6.371352105514550e-05	9.644626e+00	4.936971e+00
6.381352105514550e-05	9.635666e+00	4.935206e+00
6.391352105514551e-05	9.626171e+00	4.933535e+00
6.401352105514551e-05	9.616179e+00	4.931968e+00
6.411352105514551e-05	9.605727e+00	4.930513e+00
6.421352105514551e-05	9.594858e+00	4.929178e+00
6.431352105514552e-05	9.583615e+00	4.927973e+00
6.441352105514552e-05	9.572042e+00	4.926905e+00
6.451352105514552e-05	9.560185e+00	4.925982e+00
6.461352105514552e-05	9.548091e+00	4.925214e+00
6.471352105514552e-05	9.535806e+00	4.924607e+00
6.481352105514553e-05	9.523380e+00	4.924170e+00
6.491352105514553e-05	9.510862e+00	4.923910e+00
6.501352105514553e-05	9.498301e+00	4.923833e+00
6.511352105514553e-05	9.485746e+00	4.923945e+00
6.521352105514554e-05	9.473248e+00	4.924252e+00
6.531352105514554e-05	9.460856e+00	4.924755e+00
6.541352105514554e-05	9.448618e+00	4.925457e+00
6.551352105514554e-05	9.436583e+00	4.926358e+00
6.561352105514555e-05	9.424798e+00	4.927452e+00
6.571352105514555e-05	9.413310e+00	4.928733e+00
6.581352105514555e-05	9.402164e+00	4.930191e+00
6.591352105514555e-05	9.391404e+00	4.931807e+00
6.601352105514556e-05	9.381073e+00	4.933562e+00
6.611352105514556e-05	9.371211e+00	4.935429e+00
6.621352105514556e-05	9.361857e+00	4.937378e+00
6.631352105514556e-05	9.353048e+00	4.939373e+00
6.641352105514557e-05	9.344820e+00	4.941381e+00
6.651352105514557e-05	9.337204e+00	4.943369e+00
6.661352105514557e-05	9.330230e+00	4.945312e+00
6.671352105514557e-05	9.323926e+00	4.947194e+00
6.681352105514558e-05	9.318317e+00	4.949016e+00
6.691352105514558e-05	9.313426e+00	4.950792e+00
6.701352105514558e-05	9.309271e+00	4.952552e+00
6.711352105514558e-05	9.305868e+00	4.954331e+00
6.721352105514559e-05	9.303231e+00	4.956162e+00
6.731352105514559e-05	9.301372e+00	4.958072e+00
6.741352105514559e-05	9.300295e+00	4.960067e+00
6.751352105514559e-05	9.300007e+00	4.962137e+00
6.761352105514560e-05	9.300508e+00	4.964255e+00
6.771352105514560e-05	9.301797e+00	4.966383e+00
6.781352105514560e-05	9.303868e+00	4.968481e+00
6.791352105514560e-05	9.306713e+00	4.970519e+00
6.801352105514561e-05	9.310321e+00	4.972483e+00
6.811352105514561e-05	9.314677e+00	4.974372e+00
6.821352105514561e-05	9.319764e+00	4.976201e+00
6.831352105514561e-05	9.325563e+00	4.977986e+00
6.841352105514561e-05	9.332051e+00	4.979740e+00
6.851352105514562e-05	9.339201e+00	4.981462e+00
6.861352105514562e-05	9.346986e+00	4.983140e+00
6.871352105514562e-05	9.355374e+00	4.984752e+00
6.881352105514562e-05	9.364334e+00	4.986275e+00
6.891352105514563e-05	9.373829e+00	4.987693e+00
6.901352105514563e-05	9.383821e+00	4.988997e+00
6.911352105514563e-05	9.394273e+00	4.990191e+00
6.921352105514563e-05	9.405142e+00	4.991281e+00
6.931352105514564e-05	9.416385e+00	4.992272e+00
6.941352105514564e-05	9.427958e+00	4.993162e+00
6.951352105514564e-05	9.439815e+00	4.993944e+00
6.961352105514564e-05	9.451909e+00	4.994606e+00
6.971352105514565e-05	9.464194e+00	4.995136e+00
6.981352105514565e-05	9.476620e+00	4.995530e+00
6.991352105514565e-05	9.489138e+00	4.995788e+00
7.001352105514565e-05	9.501699e+00	4.995914e+00
7.011352105514566e-05	9.514254e+00	4.995911e+00
7.021352105514566e-05	9.526752e+00	4.995783e+00
7.031352105514566e-05	9.539144e+00	4.995527e+00
7.041352105514566e-05	9.551382e+00	4.995140e+00
7.051352105514567e-05	9.563417e+00	4.994618e+00
7.061352105514567e-05	9.575202e+00	4.993963e+00
7.071352105514567e-05	9.586690e+00	4.993177e+00
7.081352105514567e-05	9.597836e+00	4.992268e+00
7.091352105514568e-05	9.608596e+00	4.991239e+00
7.101352105514568e-05	9.618927e+00	4.990095e+00
7.111352105514568e-05	9.628789e+00	4.988840e+00
7.121352105514568e-05	9.638143e+00	4.987476e+00
7.131352105514569e-05	9.646952e+00	4.986006e+00
7.141352105514569e-05	9.655180e+00	4.984435e+00
7.151352105514569e-05	9.662796e+00	4.982769e+00
7.161352105514569e-05	9.669770e+00	4.981017e+00
7.171352105514569e-05	9.676074e+00	4.979184e+00
7.181352105514570e-05	9.681683e+00	4.977279e+00
7.191352105514570e-05	9.686574e+00	4.975307e+00
7.201352105514570e-05	9.690729e+00	4.973273e+00
7.211352105514570e-05	9.694132e+00	4.971186e+00
7.221352105514571e-05	9.696769e+00	4.969052e+00
7.231352105514571e-05	9.698628e+00	4.966880e+00
7.241352105514571e-05	9.699705e+00	4.964676e+00
7.251352105514571e-05	9.699993e+00	4.962451e+00
7.261352105514572e-05	9.699492e+00	4.960211e+00
7.271352105514572e-05	9.698203e+00	4.957965e+00
7.281352105514572e-05	9.696132e+00	4.955720e+00
7.291352105514572e-05	9.693287e+00	4.953485e+00
7.301352105514573e-05	9.689679e+00	4.951269e+00
7.311352105514573e-05	9.685323e+00	4.949079e+00
7.321352105514573e-05	9.680236e+00	4.946923e+00
7.331352105514573e-05	9.674437e+00	4.944811e+00
7.341352105514574e-05	9.667949e+00	4.942752e+00
7.351352105514574e-05	9.660799e+00	4.940753e+00
7.361352105514574e-05	9.653014e+00	4.938823e+00
7.371352105514574e-05	9.644626e+00	4.936971e+00
7.381352105514575e-05	9.635666e+00	4.935206e+00
7.391352105514575e-05	9.626171e+00	4.933535e+00
7.401352105514575e-05	9.616179e+00	4.931968e+00
7.411352105514575e-05	9.605727e+00	4.930513e+00
7.421352105514576e-05	9.594858e+00	4.929178e+00
7.431352105514576e-05	9.583615e+00	4.927973e+00
7.441352105514576e-05	9.572042e+00	4.926905e+00
7.451352105514576e-05	9.560185e+00	4.925982e+00
7.461352105514577e-05	9.548091e+00	4.925214e+00
7.471352105514577e-05	9.535806e+00	4.924607e+00
7.481352105514577e-05	9.523380e+00	4.924170e+00
7.491352105514577e-05	9.510862e+00	4.923910e+00
7.501352105514578e-05	9.498301e+00	4.923833e+00
7.511352105514578e-05	9.485746e+00	4.923945e+00
7.521352105514578e-05	9.473248e+00	4.924252e+00
7.531352105514578e-05	9.460856e+00	4.924755e+00
7.541352105514578e-05	9.448618e+00	4.925457e+00
7.551352105514579e-05	9.436583e+00	4.926358e+00
7.561352105514579e-05	9.424798e+00	4.927452e+00
7.571352105514579e-05	9.413310e+00	4.928733e+00
7.581352105514579e-05	9.402164e+00	4.930191e+00
7.591352105514580e-05	9.391404e+00	4.931807e+00
7.601352105514580e-05	9.381073e+00	4.933562e+00
7.611352105514580e-05	9.371211e+00	4.935429e+00
7.621352105514580e-05	9.361857e+00	4.937378e+00
7.631352105514581e-05	9.353048e+00	4.939373e+00
7.641352105514581e-05	9.344820e+00	4.941381e+00
7.651352105514581e-05	9.337204e+00	4.943369e+00
7.661352105514581e-05	9.330230e+00	4.945312e+00
7.671352105514582e-05	9.323926e+00	4.947194e+00
7.681352105514582e-05	9.318317e+00	4.949016e+00
7.691352105514582e-05	9.313426e+00	4.950792e+00
7.701352105514582e-05	9.309271e+00	4.952552e+00
7.711352105514583e-05	9.305868e+00	4.954331e+00
7.721352105514583e-05	9.303231e+00	4.956162e+00
7.731352105514583e-05	9.301372e+00	4.958072e+00
7.741352105514583e-05	9.300295e+00	4.960067e+00
7.751352105514584e-05	9.300007e+00	4.962137e+00
7.761352105514584e-05	9.300508e+00	4.964255e+00
7.771352105514584e-05	9.301797e+00	4.966383e+00
7.781352105514584e-05	9.303868e+00	4.968481e+00
7.791352105514585e-05	9.306713e+00	4.970519e+00
7.801352105514585e-05	9.310321e+00	4.972483e+00
7.811352105514585e-05	9.314677e+00	4.974372e+00
7.821352105514585e-05	9.319764e+00	4.976201e+00
7.831352105514586e-05	9.325563e+00	4.977986e+00
7.841352105514586e-05	9.332051e+00	4.979740e+00
7.851352105514586e-05	9.339201e+00	4.981462e+00
7.861352105514586e-05	9.346986e+00	4.983140e+00
7.871352105514587e-05	9.355374e+00	4.984752e+00
7.881352105514587e-05	9.364334e+00	4.986275e+00
7.891352105514587e-05	9.373829e+00	4.987693e+00
7.901352105514587e-05	9.383821e+00	4.988997e+00
7.911352105514587e-05	9.394273e+00	4.990191e+00
7.921352105514588e-05	9.405142e+00	4.991281e+00
7.931352105514588e-05	9.416385e+00	4.992272e+00
7.941352105514588e-05	9.427958e+00	4.993162e+00
7.951352105514588e-05	9.439815e+00	4.993944e+00
7.961352105514589e-05	9.451909e+00	4.994606e+00
7.971352105514589e-05	9.464194e+00	4.995136e+00
7.981352105514589e-05	9.476620e+00	4.995530e+00
7.991352105514589e-05	9.489138e+00	4.995788e+00
8.001352105514590e-05	9.501699e+00	4.995914e+00
8.011352105514590e-05	9.514254e+00	4.995911e+00
8.021352105514590e-05	9.526752e+00	4.995783e+00
8.031352105514590e-05	9.539144e+00	4.995527e+00
8.041352105514591e-05	9.551382e+00	4.995140e+00
8.051352105514591e-05	9.563417e+00	4.994618e+00
8.061352105514591e-05	9.575202e+00	4.993963e+00
8.071352105514591e-05	9.586690e+00	4.993177e+00
8.081352105514592e-05	9.597836e+00	4.992268e+00
8.091352105514592e-05	9.608596e+00	4.991239e+00
8.101352105514592e-05	9.618927e+00	4.990095e+00
8.111352105514592e-05	9.628789e+00	4.988840e+00
8.121352105514593e-05	9.638143e+00	4.987476e+00
8.131352105514593e-05	9.646952e+00	4.986006e+00
8.141352105514593e-05	9.655180e+00	4.984435e+00
8.151352105514593e-05	9.662796e+00	4.982769e+00
8.161352105514594e-05	9.669770e+00	4.981017e+00
8.171352105514594e-05	9.676074e+00	4.979184e+00
8.181352105514594e-05	9.681683e+00	4.977279e+00
8.191352105514594e-05	9.686574e+00	4.975307e+00
8.201352105514595e-05	9.690729e+00	4.973273e+00
8.211352105514595e-05	9.694132e+00	4.971186e+00
8.221352105514595e-05	9.696769e+00	4.969052e+00
8.231352105514595e-05	9.698628e+00	4.966880e+00
8.241352105514596e-05	9.699705e+00	4.964676e+00
8.251352105514596e-05	9.699993e+00	4.962451e+00
8.261352105514596e-05	9.699492e+00	4.960211e+00
8.271352105514596e-05	9.698203e+00	4.957965e+00
8.281352105514596e-05	9.696132e+00	4.955720e+00
8.291352105514597e-05	9.693287e+00	4.953485e+00
8.301352105514597e-05	9.689679e+00	4.951269e+00
8.311352105514597e-05	9.685323e+00	4.949079e+00
8.321352105514597e-05	9.680236e+00	4.946923e+00
8.331352105514598e-05	9.674437e+00	4.944811e+00
8.341352105514598e-05	9.667949e+00	4.942752e+00
8.351352105514598e-05	9.660799e+00	4.940753e+00
8.361352105514598e-05	9.653014e+00	4.938823e+00
8.371352105514599e-05	9.644626e+00	4.936971e+00
8.381352105514599e-05	9.635666e+00	4.935206e+00
8.391352105514599e-05	9.626171e+00	4.933535e+00
8.401352105514599e-05	9.616179e+00	4.931968e+00
8.411352105514600e-05	9.605727e+00	4.930513e+00
8.421352105514600e-05	9.594858e+00	4.929178e+00
8.431352105514600e-05	9.583615e+00	4.927973e+00
8.441352105514600e-05	9.572042e+00	4.926905e+00
8.451352105514601e-05	9.560185e+00	4.925982e+00
8.461352105514601e-05	9.548091e+00	4.925214e+00
8.471352105514601e-05	9.535806e+00	4.924607e+00
8.481352105514601e-05	9.523380e+00	4.924170e+00
8.491352105514602e-05	9.510862e+00	4.923910e+00
8.501352105514602e-05	9.498301e+00	4.923833e+00
8.511352105514602e-05	9.485746e+00	4.923945e+00
8.521352105514602e-05	9.473248e+00	4.924252e+00
8.531352105514603e-05	9.460856e+00	4.924755e+00
8.541352105514603e-05	9.448618e+00	4.925457e+00
8.551352105514603e-05	9.436583e+00	4.926358e+00
8.561352105514603e-05	9.424798e+00	4.927452e+00
8.571352105514604e-05	9.413310e+00	4.928733e+00
8.581352105514604e-05	9.402164e+00	4.930191e+00
8.591352105514604e-05	9.391404e+00	4.931807e+00
8.601352105514604e-05	9.381073e+00	4.933562e+00
8.611352105514605e-05	9.371211e+00	4.935429e+00
8.621352105514605e-05	9.361857e+00	4.937378e+00
8.631352105514605e-05	9.353048e+00	4.939373e+00
8.641352105514605e-05	9.344820e+00	4.941381e+00
8.651352105514605e-05	9.337204e+00	4.943369e+00
8.661352105514606e-05	9.330230e+00	4.945312e+00
8.671352105514606e-05	9.323926e+00	4.947194e+00
8.681352105514606e-05	9.318317e+00	4.949016e+00
8.691352105514606e-05	9.313426e+00	4.950792e+00
8.701352105514607e-05	9.309271e+00	4.952552e+00
8.711352105514607e-05	9.305868e+00	4.954331e+00
8.721352105514607e-05	9.303231e+00	4.956162e+00
8.731352105514607e-05	9.301372e+00	4.958072e+00
8.741352105514608e-05	9.300295e+00	4.960067e+00
8.751352105514608e-05	9.300007e+00	4.962137e+00
8.761352105514608e-05	9.300508e+00	4.964255e+00
8.771352105514608e-05	9.301797e+00	4.966383e+00
8.781352105514609e-05	9.303868e+00	4.968481e+00
8.791352105514609e-05	9.306713e+00	4.970519e+00
8.801352105514609e-05	9.310321e+00	4.972483e+00
8.811352105514609e-05	9.314677e+00	4.974372e+00
8.821352105514610e-05	9.319764e+00	4.976201e+00
8.831352105514610e-05	9.325563e+00	4.977986e+00
8.841352105514610e-05	9.332051e+00	4.979740e+00
8.851352105514610e-05	9.339201e+00	4.981462e+00
8.861352105514611e-05	9.346986e+00	4.983140e+00
8.871352105514611e-05	9.355374e+00	4.984752e+00
8.881352105514611e-05	9.364334e+00	4.986275e+00
8.891352105514611e-05	9.373829e+00	4.987693e+00
8.901352105514612e-05	9.383821e+00	4.988997e+00
8.911352105514612e-05	9.394273e+00	4.990191e+00
8.921352105514612e-05	9.405142e+00	4.991281e+00
8.931352105514612e-05	9.416385e+00	4.992272e+00
8.941352105514613e-05	9.427958e+00	4.993162e+00
8.951352105514613e-05	9.439815e+00	4.993944e+00
8.961352105514613e-05	9.451909e+00	4.994606e+00
8.971352105514613e-05	9.464194e+00	4.995136e+00
8.981352105514613e-05	9.476620e+00	4.995530e+00
8.991352105514614e-05	9.489138e+00	4.995788e+00
9.001352105514614e-05	9.501699e+00	4.995914e+00
9.011352105514614e-05	9.514254e+00	4.995911e+00
9.021352105514614e-05	9.526752e+00	4.995783e+00
9.031352105514615e-05	9.539144e+00	4.995527e+00
9.041352105514615e-05	9.551382e+00	4.995140e+00
9.051352105514615e-05	9.563417e+00	4.994618e+00
9.061352105514615e-05	9.575202e+00	4.993963e+00
9.071352105514616e-05	9.586690e+00	4.993177e+00
9.081352105514616e-05	9.597836e+00	4.992268e+00
9.091352105514616e-05	9.608596e+00	4.991239e+00
9.101352105514616e-05	9.618927e+00	4.990095e+00
9.111352105514617e-05	9.628789e+00	4.988840e+00
9.121352105514617e-05	9.638143e+00	4.987476e+00
9.131352105514617e-05	9.646952e+00	4.986006e+00
9.141352105514617e-05	9.655180e+00	4.984435e+00
9.151352105514618e-05	9.662796e+00	4.982769e+00
9.161352105514618e-05	9.669770e+00	4.981017e+00
9.171352105514618e-05	9.676074e+00	4.979184e+00
9.181352105514618e-05	9.681683e+00	4.977279e+00
9.191352105514619e-05	9.686574e+00	4.975307e+00
9.201352105514619e-05	9.690729e+00	4.973273e+00
9.211352105514619e-05	9.694132e+00	4.971186e+00
9.221352105514619e-05	9.696769e+00	4.969052e+00
9.231352105514620e-05	9.698628e+00	4.966880e+00
9.241352105514620e-05	9.699705e+00	4.964676e+00
9.251352105514620e-05	9.699993e+00	4.962451e+00
9.261352105514620e-05	9.699492e+00	4.960211e+00
9.271352105514621e-05	9.698203e+00	4.957965e+00
9.281352105514621e-05	9.696132e+00	4.955720e+00
9.291352105514621e-05	9.693287e+00	4.953485e+00
9.301352105514621e-05	9.689679e+00	4.951269e+00
9.311352105514622e-05	9.685323e+00	4.949079e+00
9.321352105514622e-05	9.680236e+00	4.946923e+00
9.331352105514622e-05	9.674437e+00	4.944811e+00
9.341352105514622e-05	9.667949e+00	4.942752e+00
9.351352105514622e-05	9.660799e+00	4.940753e+00
9.361352105514623e-05	9.653014e+00	4.938823e+00
9.371352105514623e-05	9.644626e+00	4.936971e+00
9.381352105514623e-05	9.635666e+00	4.935206e+00
9.391352105514623e-05	9.626171e+00	4.933535e+00
9.401352105514624e-05	9.616179e+00	4.931968e+00
9.411352105514624e-05	9.605727e+00	4.930513e+00
9.421352105514624e-05	9.594858e+00	4.929178e+00
9.431352105514624e-05	9.583615e+00	4.927973e+00
9.441352105514625e-05	9.572042e+00	4.926905e+00
9.451352105514625e-05	9.560185e+00	4.925982e+00
9.461352105514625e-05	9.548091e+00	4.925214e+00
9.471352105514625e-05	9.535806e+00	4.924607e+00
9.481352105514626e-05	9.523380e+00	4.924170e+00
9.491352105514626e-05	9.510862e+00	4.923910e+00
9.501352105514626e-05	9.498301e+00	4.923833e+00
9.511352105514626e-05	9.485746e+00	4.923945e+00
9.521352105514627e-05	9.473248e+00	4.924252e+00
9.531352105514627e-05	9.460856e+00	4.924755e+00
9.541352105514627e-05	9.448618e+00	4.925457e+00
9.551352105514627e-05	9.436583e+00	4.926358e+00
9.561352105514628e-05	9.424798e+00	4.927452e+00
9.571352105514628e-05	9.413310e+00	4.928733e+00
9.581352105514628e-05	9.402164e+00	4.930191e+00
9.591352105514628e-05	9.391404e+00	4.931807e+00
9.601352105514629e-05	9.381073e+00	4.933562e+00
9.611352105514629e-05	9.371211e+00	4.935429e+00
9.621352105514629e-05	9.361857e+00	4.937378e+00
9.631352105514629e-05	9.353048e+00	4.939373e+00
9.641352105514630e-05	9.344820e+00	4.941381e+00
9.651352105514630e-05	9.337204e+00	4.943369e+00
9.661352105514630e-05	9.330230e+00	4.945312e+00
9.671352105514630e-05	9.323926e+00	4.947194e+00
9.681352105514631e-05	9.318317e+00	4.949016e+00
9.691352105514631e-05	9.313426e+00	4.950792e+00
9.701352105514631e-05	9.309271e+00	4.952552e+00
9.711352105514631e-05	9.305868e+00	4.954331e+00
9.721352105514631e-05	9.303231e+00	4.956162e+00
9.731352105514632e-05	9.301372e+00	4.958072e+00
9.741352105514632e-05	9.300295e+00	4.960067e+00
9.751352105514632e-05	9.300007e+00	4.962137e+00
9.761352105514632e-05	9.300508e+00	4.964255e+00
9.771352105514633e-05	9.301797e+00	4.966383e+00
9.781352105514633e-05	9.303868e+00	4.968481e+00
9.791352105514633e-05	9.306713e+00	4.970519e+00
9.801352105514633e-05	9.310321e+00	4.972483e+00
9.811352105514634e-05	9.314677e+00	4.974372e+00
9.821352105514634e-05	9.319764e+00	4.976201e+00
9.831352105514634e-05	9.325563e+00	4.977986e+00
9.841352105514634e-05	9.332051e+00	4.979740e+00
9.851352105514635e-05	9.339201e+00	4.981462e+00
9.861352105514635e-05	9.346986e+00	4.983140e+00
9.871352105514635e-05	9.355374e+00	4.984752e+00
9.881352105514635e-05	9.364334e+00	4.986275e+00
9.891352105514636e-05	9.373829e+00	4.987693e+00
9.901352105514636e-05	9.383821e+00	4.988997e+00
9.911352105514636e-05	9.394273e+00	4.990191e+00
9.921352105514636e-05	9.405142e+00	4.991281e+00
9.931352105514637e-05	9.416385e+00	4.992272e+00
9.941352105514637e-05	9.427958e+00	4.993162e+00
9.951352105514637e-05	9.439815e+00	4.993944e+00
9.961352105514637e-05	9.451909e+00	4.994606e+00
9.971352105514638e-05	9.464194e+00	4.995136e+00
9.981352105514638e-05	9.476620e+00	4.995530e+00
9.991352105514638e-05	9.489138e+00	4.995788e+00
1.000135210551464e-04	9.501699e+00	4.995914e+00
